1650
1650
1650
1650
1655
1655
1655
1655
1703
1703
1703
1703
1597
1597
1597
1597
1591
1591
1591
1591
1680
1680
1680
1680
1525
1525
1525
1525
1574
1574
1574
1574
1868
1868
1868
1868
1885
1885
1885
1885
2004
2004
2004
2004
2123
2123
2123
2123
1891
1891
1891
1891
1774
1774
1774
1774
2011
2011
2011
2011
1912
1912
1912
1912
1983
1983
1983
1983
2185
2185
2185
2185
1833
1833
1833
1833
1870
1870
1870
1870
2121
2121
2121
2121
2000
2000
2000
2000
2079
2079
2079
2079
2313
2313
2313
2313
1927
1927
1927
1927
1962
1962
1962
1962
2230
2230
2230
2230
2005
2005
2005
2005
2085
2085
2085
2085
2212
2212
2212
2212
