1092
1085
1078
1085
1078
1085
1050
1064
1064
1078
1078
1071
1085
1078
1092
1092
1372
1393
1386
1372
1365
1386
1350
1050
1085
1064
1050
1071
1057
1113
1330
1414
1386
1393
1372
1386
1400
1407
1386
1407
1400
1372
1386
1400
1400
1414
1148
1148
1127
1127
1120
1127
1120
1113
1372
1414
1407
1407
1414
1393
1407
1400
1400
1379
1393
1400
1400
1393
1400
1393
1295
1162
1148
1106
1113
1127
1113
1099
1295
1379
1400
1400
1400
1414
1407
1400
1400
1393
1393
1379
1372
1379
1393
1393
1197
1134
1134
1127
1141
1141
1162
1155
1169
1344
1358
1365
1372
1379
1386
1379
1372
1379
1379
1393
1393
1393
1400
1400
1400
1204
1155
1120
1127
1127
1127
1113
1225
1358
1351
1372
1358
1365
1358
1358
1365
1365
1365
1365
1365
1365
1358
1358
1330
1134
1134
1113
1127
1141
1127
1134
1113
1120
1127
1120
1113
1134
1120
1120
1134
1127
1113
1358
1344
1344
1323
1169
1099
1092
1099
1078
1071
1078
1113
1099
1085
1099
1085
1106
1092
1106
1099
1092
1092
1071
1148
1316
1337
1330
1330
1323
1092
1113
1099
1099
1106
1099
1092
1085
1106
1393
1386
1372
1379
1372
1386
1379
1379
1372
1365
1379
1379
1365
1386
1239
1099
1134
1092
1106
1099
1092
1127
1134
1113
1127
1379
1393
1400
1379
1393
1365
1386
1393
1386
1393
1393
1400
1379
1372
1148
1141
1141
1134
1120
1113
1127
1120
1295
1400
1414
1393
1365
1400
1393
1372
1379
1379
1386
1386
1379
1372
1379
1274
1148
1162
