197 1371712 8 4 2 53 7 76 13 0 1 5 5 87 96 
198 738196 4 5 6 71 5 36 13 0 4 0 0 40 33 
199 241668 1 0 1 5 5 2 0 0 2 0 0 11 6 
200 619902 3 1 1 28 0 24 0 0 0 3 0 16 14 
201 1755285 7 10 6 54 7 46 2 0 3 2 0 168 41 
202 572153 0 2 2 22 7 17 0 0 0 2 1 18 10 
203 1432218 0 6 11 30 8 88 0 0 11 14 2 87 101 
204 1327737 5 2 0 78 3 40 6 0 10 9 0 53 33 
205 490799 7 0 0 20 0 30 12 0 6 1 15 20 27 
206 634718 1 1 1 12 3 13 3 0 1 2 0 41 11 
207 741570 8 4 3 33 1 37 8 0 3 6 3 65 44 
208 1287379 9 5 6 24 8 36 5 0 1 4 14 94 42 
209 824966 5 5 4 57 7 56 25 0 0 12 1 49 32 
210 210602 1 4 0 7 0 1 3 0 0 0 0 8 0 
211 3175504 2 8 0 83 6 70 4 0 6 5 0 121 70 
212 129579 1 0 0 0 0 6 0 0 0 2 0 0 5 
213 5232215 2 28 8 326 76 213 21 0 1 22 1 194 129 
214 248566 1 1 1 42 2 0 1 0 0 1 5 10 20 
216 143651 1 0 0 13 0 0 0 0 0 0 0 7 15 
217 2243345 3 2 2 76 8 92 21 0 0 12 5 43 45 
218 133241 0 1 0 7 1 7 2 0 3 1 0 13 1 
219 1415682 7 2 1 70 0 23 27 0 5 9 7 88 38 
220 287597 3 0 0 11 0 3 0 0 0 0 0 14 10 
221 3009664 10 9 4 23 0 35 0 0 0 12 3 76 31 
222 4287692 22 3 7 46 0 7 11 0 0 2 0 42 24 
223 2551213 13 16 8 64 20 38 10 0 0 20 8 68 46 
224 2737399 8 0 0 19 0 15 0 0 12 5 12 29 41 
225 3980955 8 7 7 63 42 121 23 1 12 11 3 117 111 
226 2897848 6 1 4 33 23 55 4 0 0 8 1 58 53 
227 3914044 4 2 0 19 0 11 1 0 3 4 10 57 58 
228 3035127 7 6 0 64 11 45 7 0 0 4 9 73 60 
229 1142702 4 2 0 72 6 73 41 0 5 6 6 20 25 
230 1054901 1 1 0 11 1 14 8 0 5 4 2 30 28 
231 141172 0 0 0 7 0 0 0 0 2 1 4 12 29 
232 161553 0 0 0 1 0 4 0 0 1 0 0 2 0 
233 3334110 5 3 2 138 19 181 3 0 22 12 1 88 109 
234 1321197 6 1 0 21 11 14 3 0 4 5 2 49 69 
235 4578201 16 7 1 147 24 154 14 0 4 12 3 79 201 
236 565962 1 9 7 52 0 23 0 0 0 19 2 25 6 
237 602713 1 2 5 14 2 31 10 0 0 5 3 26 23 
238 1484908 0 0 6 31 11 26 6 0 1 3 11 46 40 
239 1751217 4 8 0 49 13 91 19 0 12 11 7 153 68 
240 1775700 2 1 0 40 6 148 2 0 6 8 2 90 55 
241 11198204 0 23 35 492 139 485 156 0 7 31 1 333 256 
242 495785 3 1 0 21 6 26 0 0 1 5 1 32 7 
245 159257 2 1 1 4 0 2 0 0 0 0 0 6 1 
246 707081 0 6 3 25 1 13 12 0 0 5 0 35 15 
247 292173 0 1 0 2 0 1 6 0 1 1 0 7 2 
248 51146 1 0 0 4 0 0 0 0 0 0 0 3 2 
252 2758049 0 10 0 113 17 24 123 0 1 3 0 107 126 
253 98919 0 5 1 6 0 3 10 0 0 5 1 7 5 
256 860583 0 0 1 31 2 20 4 0 1 0 0 24 9 
257 637159 0 0 0 5 2 1 0 0 0 1 0 25 0 
258 214040 1 1 0 9 0 0 0 0 0 2 0 10 7 
259 523257 1 5 2 14 1 7 13 0 0 6 0 17 17 
261 2131837 1 4 1 34 5 30 8 0 2 1 1 60 54 
264 110663 0 0 0 4 0 0 0 0 0 0 0 4 1 
267 198423 1 0 0 2 0 7 0 0 0 0 0 5 10 
268 1017492 1 2 4 38 4 56 0 0 7 6 4 37 40 
273 2852939 7 1 1 46 3 60 1 0 1 2 6 42 14 
275 76889 0 0 0 12 0 5 0 0 0 1 0 0 8 
296 176531 0 0 0 0 0 5 0 0 0 0 0 7 2 
304 320147 1 0 3 6 3 7 1 0 2 1 1 15 17 
305 661531 0 1 0 28 1 14 0 0 3 2 1 33 25 
311 86120 0 0 0 1 0 1 0 0 0 0 0 4 0 
318 689689 7 1 1 23 8 32 5 0 3 5 3 23 31 
322 537726 2 3 1 6 0 10 3 0 3 1 0 14 0 
325 1323408 0 1 2 28 4 16 6 0 0 1 1 38 5 
326 2567000 17 1 0 37 1 24 8 0 2 8 5 136 45 
329 624671 3 0 0 12 1 3 0 0 1 1 0 20 11 
330 1059839 7 4 2 35 4 12 2 0 0 3 0 26 29 
334 591387 6 0 0 18 0 18 9 0 0 1 1 18 14 
335 3796540 4 2 1 14 0 37 5 0 4 2 2 44 79 
336 5984681 28 4 5 41 1 21 4 0 2 2 2 119 46 
339 1868271 4 3 2 55 1 71 5 0 8 8 4 79 95 
340 15285000 58 18 9 151 24 169 5 0 3 22 11 293 125 
341 1893406 3 11 8 68 5 73 6 0 2 7 14 99 59 
342 4576672 4 3 7 26 7 13 7 0 0 2 3 75 30 
343 300922 3 0 1 11 2 3 0 0 0 0 0 5 11 
346 94560 1 2 0 2 0 0 0 0 0 0 0 5 1 
347 2468647 9 7 10 60 13 17 0 0 2 6 4 120 53 
348 7543881 19 22 2 82 2 72 1 0 6 19 23 220 71 
349 5728117 22 3 2 56 17 102 10 0 1 6 0 164 93 
352 11007125 43 5 19 160 40 247 37 0 8 36 22 210 212 
356 2984217 0 1 0 9 2 11 1 0 0 1 0 62 13 
357 743980 2 1 4 30 7 0 0 0 0 0 0 20 11 
362 21092691 65 8 14 103 10 98 31 0 2 7 5 457 163 
365 1130876 2 2 2 13 4 7 2 0 0 5 4 32 37 
366 2251091 1 0 0 40 2 1 1 0 0 0 0 53 22 
371 12010036 21 11 14 128 49 236 9 0 2 11 4 252 303 
372 2057017 13 0 0 6 0 11 1 0 0 0 0 75 12 
373 198381 0 0 0 6 0 1 1 0 0 0 0 5 3 
376 7864853 9 9 1 87 21 60 4 0 3 5 16 146 94 
377 6028430 1 6 1 51 27 71 6 0 0 1 0 86 87 
379 9483684 23 5 1 154 52 131 31 3 5 15 19 283 166 
381 3228776 8 3 15 113 23 157 27 0 15 25 7 174 197 
383 892834 2 0 0 2 2 4 0 0 1 1 0 15 8 
387 711119 1 0 0 1 0 1 0 0 0 0 0 1 0 
388 3011004 18 9 2 45 8 25 7 0 9 10 5 90 89 
389 7793747 2 6 7 61 15 102 10 0 1 10 1 99 44 
391 8286271 42 9 9 96 65 179 31 0 8 5 0 254 104 
392 785170 18 8 0 56 5 0 0 0 0 15 9 47 0 
393 1634901 7 1 1 36 0 10 0 0 0 3 3 17 16 
394 16897379 26 12 37 200 44 244 20 0 8 25 14 334 252 
395 971100 0 0 0 0 0 0 0 0 0 0 0 0 0 
399 1493706 1 0 0 32 4 28 1 0 1 0 0 59 21 
410 2465291 14 6 6 75 9 123 0 0 5 15 5 144 90 
412 11807167 21 7 7 273 87 275 105 0 3 32 6 222 252 
413 1000000 1 0 0 3 2 14 2 0 0 0 0 3 2 
414 2592948 7 7 4 110 15 59 12 0 5 13 0 104 61 
441 341880 4 0 1 9 0 4 1 0 0 1 9 5 9 
446 2132880 3 5 8 64 7 41 18 0 6 12 4 103 94 
448 2450081 7 0 2 58 36 59 12 0 0 2 2 76 58 
451 1099241 3 1 1 34 8 19 6 0 3 4 3 40 11 
456 2245633 3 3 1 25 4 32 3 0 1 1 0 27 24 
465 62302 1 3 1 25 0 29 0 0 0 6 0 15 2 
466 2197989 6 26 12 127 5 75 45 0 21 24 8 157 94 
467 134495 0 0 0 3 1 9 4 0 1 0 0 34 28 
472 3380567 5 2 5 23 3 50 9 0 0 6 0 59 52 
476 688452 3 10 0 115 15 21 20 0 0 15 0 54 31 
477 1110085 3 2 2 55 6 29 0 0 5 0 5 55 51 
484 536474 3 3 1 16 2 11 0 0 4 5 2 21 11 
1001 175751 0 1 0 6 1 2 0 0 0 0 2 8 7 
1002 2146592 17 2 2 56 1 62 35 0 3 10 1 66 33 
1004 4743641 34 15 8 129 22 105 47 0 17 18 20 161 138 
1017 1800656 7 5 0 94 10 39 7 0 2 4 0 59 57 
1030 2497501 10 6 2 47 17 31 9 0 0 5 1 50 33 
1034 1196952 5 0 0 3 0 7 2 0 0 0 0 15 14 
1035 2410906 8 2 1 6 1 7 1 0 0 0 0 42 33 
1037 667178 0 0 0 3 0 0 0 0 0 0 0 16 0 
1038 632720 0 0 1 16 0 10 1 0 3 3 3 12 16 
1039 8455933 5 6 6 138 36 78 9 0 2 17 5 205 82 
1041 6651020 12 3 9 68 21 96 5 0 0 9 7 110 81 
1044 126519 1 0 0 2 0 5 0 0 0 1 0 7 1 
1 135525 1 0 0 2 0 1 7 0 0 0 1 6 13 
2 16949495 11 21 9 271 106 243 41 0 4 31 2 173 176 
3 722529 7 1 1 8 2 10 3 0 2 0 3 22 24 
4 203116 0 0 0 4 0 0 0 0 0 0 0 5 2 
6 1304816 5 2 1 14 1 13 10 3 0 0 0 22 37 
7 5865578 18 11 10 108 13 171 18 0 3 25 7 188 113 
8 1781942 14 1 2 30 30 88 19 0 2 8 3 88 59 
9 1587342 7 3 1 33 0 6 5 0 0 0 0 54 6 
10 1337423 7 1 4 22 6 14 1 0 0 6 5 135 15 
11 10016498 24 1 3 54 11 37 6 0 6 3 12 65 55 
12 839898 12 2 0 7 13 18 2 0 1 1 0 40 22 
13 10471711 13 10 14 98 43 137 21 0 5 17 4 176 150 
14 39213066 43 101 111 1025 615 1482 97 0 14 89 5 1061 887 
15 2632303 10 3 0 76 25 50 3 0 7 9 6 93 35 
16 6865706 10 10 26 162 43 258 4 0 23 17 22 297 159 
17 251064 1 1 0 2 0 6 4 0 0 4 0 6 5 
18 152837 0 0 0 3 0 2 0 0 0 2 0 0 6 
19 6560198 14 2 5 102 26 115 35 0 0 14 0 146 190 
20 3663138 2 7 7 109 11 156 9 2 6 19 14 143 132 
21 795723 3 0 1 22 2 16 0 0 2 9 1 15 5 
22 471773 0 0 1 10 1 3 0 0 0 0 0 13 8 
23 4913203 8 5 6 131 3 31 54 0 0 2 0 116 59 
26 264785 9 2 0 17 0 11 18 0 0 3 23 24 63 
28 162597 1 0 0 7 0 5 0 0 0 0 0 4 2 
29 4604156 12 6 7 64 26 40 0 0 6 9 6 97 51 
33 4250016 7 3 1 81 3 130 8 0 5 10 3 125 129 
34 1079712 4 1 1 87 2 55 19 0 0 9 1 48 40 
35 60347 0 1 3 7 0 3 0 0 0 0 0 3 1 
36 1859152 30 6 2 60 12 62 12 0 0 8 2 118 158 
37 5409103 4 29 11 219 79 231 51 0 15 32 6 254 171 
38 876190 0 13 0 32 0 7 8 0 0 27 0 23 18 
40 834957 0 1 1 9 2 7 4 0 0 0 0 12 0 
41 450000 0 0 0 0 0 0 0 0 0 0 0 2 2 
42 1395064 1 2 3 66 2 40 1 0 3 4 0 57 48 
43 1190526 1 1 0 0 0 0 3 0 0 0 0 22 4 
44 1273253 1 0 0 10 2 5 0 0 0 0 0 16 47 
45 108240 0 0 1 5 3 0 0 0 0 0 0 8 0 
51 2807918 11 7 5 70 13 44 2 0 15 24 3 81 60 
52 773587 8 4 7 52 0 28 7 0 2 8 0 22 17 
53 776914 1 4 3 13 0 19 9 0 3 3 2 35 66 
54 1910451 10 3 1 79 14 49 5 0 6 7 44 80 65 
55 1903549 0 4 1 24 0 56 5 0 0 6 3 47 48 
56 611092 2 2 10 113 5 121 23 0 0 1 0 56 42 
57 5227534 14 15 9 241 42 194 11 0 9 23 9 175 190 
58 532151 0 1 0 5 0 4 2 0 0 1 0 11 1 
59 2196976 0 0 1 59 7 27 14 0 0 1 3 47 16 
60 746895 4 3 1 40 4 27 9 0 2 3 4 55 70 
62 1342348 1 2 4 24 6 50 30 0 4 5 1 33 42 
63 19967480 8 14 22 610 130 537 78 0 13 48 20 368 354 
64 1707116 0 1 0 57 11 13 0 0 9 3 0 55 36 
65 3018069 4 10 6 188 61 193 25 0 3 14 5 83 124 
66 17026733 8 8 10 134 37 314 22 0 19 21 23 246 388 
67 1861938 9 13 4 100 3 66 8 0 2 12 2 64 48 
68 442320 3 1 0 10 1 7 0 0 0 0 0 10 6 
69 1006925 0 7 5 29 0 19 7 0 8 12 1 39 36 
71 110943 5 0 0 0 0 1 0 0 0 0 0 16 0 
72 3228483 14 7 2 77 25 89 22 0 0 10 0 71 87 
73 694093 1 3 0 48 7 38 4 0 3 2 0 19 35 
74 334602 0 2 3 11 0 0 5 0 0 0 0 3 0 
75 373907 8 0 1 6 0 9 15 0 0 6 3 8 15 
76 3329922 1 1 1 26 1 8 20 0 0 0 1 108 71 
77 8277533 10 19 23 298 40 264 84 0 18 19 32 381 281 
78 5503679 8 5 3 103 88 231 75 0 2 6 20 118 186 
79 431787 2 4 0 14 2 21 10 0 1 2 0 11 10 
80 760800 1 0 0 9 1 41 6 0 1 4 2 25 27 
81 2526108 8 15 21 127 131 178 82 0 39 51 2 143 118 
82 1405297 6 0 0 2 0 7 2 0 1 1 0 17 16 
84 166145 1 0 0 8 0 10 0 0 0 5 0 6 6 
85 1642765 0 0 1 28 4 7 1 0 2 4 0 71 47 
86 800356 1 1 0 5 0 0 0 0 0 0 0 10 0 
87 1703477 5 0 0 6 2 1 0 0 0 1 0 12 12 
88 2090000 0 0 0 0 0 0 0 0 0 0 0 19 0 
89 2066322 6 5 3 97 5 59 12 0 4 9 1 79 105 
90 481594 3 2 0 9 1 12 10 0 0 0 0 22 10 
91 1797378 3 3 3 26 9 13 24 0 0 4 0 57 36 
92 1086029 0 11 7 58 13 27 52 1 1 6 1 66 54 
93 1940821 0 0 4 27 2 34 4 0 0 5 3 46 52 
94 1434497 0 1 0 24 2 21 0 0 4 4 2 59 47 
95 1144668 3 0 0 8 0 0 0 0 4 0 4 17 6 
96 1538784 5 4 0 48 5 21 8 0 5 10 2 56 24 
97 186414 0 0 0 5 0 3 0 0 0 1 0 9 0 
99 490000 1 0 0 1 0 2 0 0 0 0 0 2 15 
100 400000 1 1 0 0 0 0 0 0 0 0 0 8 0 
101 230641 0 2 0 32 0 2 2 0 0 3 0 18 46 
102 1523428 0 0 2 30 0 45 1 0 0 4 0 31 10 
103 1202696 7 5 8 27 0 10 3 0 0 8 0 27 9 
104 400000 0 4 6 11 0 3 3 0 0 0 0 3 0 
105 718698 0 3 2 32 1 19 18 0 0 5 0 12 26 
107 541299 1 0 0 2 4 3 0 0 0 3 0 9 0 
108 115000 0 0 0 4 3 0 0 0 0 0 0 3 16 
109 57500 0 2 0 15 0 0 2 0 0 1 0 9 0 
110 95170 0 1 1 8 4 0 4 0 0 0 0 0 1 
111 116162 0 0 0 2 1 3 0 0 0 0 0 4 2 
112 94129 0 0 5 9 0 0 0 0 0 0 0 3 0 
113 119805 1 0 0 2 1 9 1 0 0 0 0 6 3 
114 162150 0 0 1 2 1 7 2 0 0 0 0 7 7 
115 650719 1 0 2 60 1 5 2 0 0 2 0 33 4 
116 155276 1 0 0 0 0 2 5 0 0 0 0 4 2 
118 493349 0 2 0 10 0 1 3 0 0 5 0 15 3 
119 215224 0 0 0 2 0 0 0 0 0 0 0 5 10 
120 162219 1 0 0 7 0 1 0 0 0 0 0 5 0 
121 151336 0 1 0 20 0 12 3 0 0 1 0 4 1 
122 151666 5 1 4 28 0 15 15 0 0 2 2 8 20 
123 782215 0 8 3 39 2 27 0 0 0 10 0 25 6 
124 69000 0 0 0 4 0 9 0 0 0 0 0 8 12 
132 306831 1 0 0 14 1 2 0 0 0 0 0 10 0 
133 90000 0 0 0 2 0 8 0 0 0 0 0 4 2 
134 149793 0 1 3 12 0 8 5 0 0 3 0 8 3 
135 1693052 2 10 7 26 2 11 2 0 0 7 1 54 16 
136 70725 1 0 0 1 0 6 0 0 0 0 0 7 10 
137 471801 0 0 0 10 0 8 0 0 0 0 2 16 4 
138 176110 0 0 2 1 0 0 0 0 0 0 0 4 5 
139 100000 0 0 0 1 0 0 0 0 0 1 0 3 2 
140 68945 1 0 0 3 0 3 0 0 0 0 0 7 0 
141 237258 1 4 0 11 0 0 4 0 0 1 1 12 8 
142 8734312 21 9 12 189 6 84 28 0 0 9 0 182 110 
143 347218 2 0 0 8 1 7 0 0 0 1 0 9 6 
144 258221 0 0 0 7 0 4 2 0 0 0 0 10 0 
146 399670 0 3 0 9 0 0 4 0 0 3 0 18 0 
147 194522 2 0 0 7 0 6 0 0 0 1 0 9 20 
148 1049001 0 4 1 47 29 4 5 0 0 6 0 62 9 
149 150222 1 0 0 6 0 4 1 0 0 2 0 5 5 
150 187170 0 3 0 8 0 0 1 0 0 0 0 6 0 
151 277057 2 0 0 8 0 14 0 0 0 3 0 11 2 
152 263638 0 0 0 3 0 5 0 0 0 1 0 4 2 
153 539572 0 1 5 39 2 3 4 0 0 0 0 9 0 
154 183366 0 0 1 17 0 0 3 0 0 0 0 13 0 
162 322640 3 1 0 19 0 15 7 0 0 3 0 11 6 
166 196662 1 0 0 18 0 0 2 0 0 2 0 14 15 
167 163194 0 1 0 13 0 0 3 0 0 2 1 10 15 
168 69685 1 5 4 9 0 0 6 0 0 3 8 6 8 
170 130280 0 0 0 3 0 2 1 0 0 0 0 3 0 
171 1892476 9 11 2 161 9 139 34 0 0 13 4 69 67 
172 351024 0 2 3 8 3 8 2 0 0 3 0 9 1 
173 500000 0 0 0 3 1 2 0 0 0 0 0 14 3 
174 593558 5 1 0 0 0 5 2 0 0 1 0 6 5 
175 1000000 0 0 0 0 0 0 0 0 0 0 0 11 0 
176 87835 1 0 0 2 2 0 1 0 0 0 0 4 1 
177 435995 2 4 2 8 0 4 2 0 0 1 0 21 11 
178 2000000 0 1 0 2 0 0 0 0 0 0 0 2 1 
179 200000 1 0 0 0 0 0 0 0 0 0 0 0 0 
180 500000 2 0 0 0 0 0 0 0 0 0 0 2 0 
181 1000000 1 0 0 0 0 0 0 0 0 0 0 8 0 
182 350000 0 1 0 2 0 2 3 0 0 0 0 5 7 
183 400000 0 0 0 0 0 0 0 0 0 0 0 4 5 
184 187751 1 0 0 5 1 0 7 0 0 3 0 10 3 
185 253915 0 6 7 45 0 2 0 0 0 5 0 58 220 
186 300401 0 2 0 11 0 18 0 0 0 0 0 8 0 
187 325786 0 0 0 3 1 5 0 0 0 0 0 11 5 
188 5621997 8 4 0 24 5 20 0 0 1 2 12 58 37 
189 2120690 1 13 7 134 23 76 15 0 0 15 0 67 260 
190 585116 2 2 1 14 2 12 1 0 0 1 0 22 5 
191 2001772 1 7 2 26 3 21 0 0 0 3 0 54 3 
192 1061772 1 1 1 10 0 11 0 0 0 2 0 25 12 
193 135386 1 2 6 19 2 9 0 0 0 0 0 3 0 
194 500000 0 0 0 0 0 0 0 0 0 0 0 0 1 
