1441.00
1441.00
1441.00
1441.00
1360.00
1360.00
1360.00
1360.00
1711.00
1711.00
1711.00
1711.00
1933.00
1933.00
1933.00
1933.00
1874.00
1874.00
1874.00
1874.00
1792.00
1792.00
1792.00
1792.00
1513.00
1513.00
1513.00
1513.00
1498.00
1498.00
1498.00
1498.00
1504.00
1504.00
1504.00
1504.00
1502.00
1502.00
1502.00
1502.00
1575.00
1575.00
1575.00
1575.00
1770.00
1770.00
1770.00
1770.00
1561.00
1561.00
1561.00
1561.00
1555.00
1555.00
1555.00
1555.00
2033.00
2033.00
2033.00
2033.00
2085.00
2085.00
2085.00
2085.00
2040.00
2040.00
2040.00
2040.00
2213.00
2213.00
2213.00
2213.00
1755.00
1755.00
1755.00
1755.00
1805.00
1805.00
1805.00
1805.00
2082.00
2082.00
2082.00
2082.00
1884.00
1884.00
1884.00
1884.00
1935.00
1935.00
1935.00
1935.00
1700.00
1700.00
1700.00
1700.00
1700.00
1700.00
1700.00
1700.00
1497.00
1497.00
1497.00
1497.00
1559.00
1559.00
1559.00
1559.00
1570.00
1570.00
1570.00
1570.00
1508.00
1508.00
1508.00
1508.00
1588.00
1588.00
1588.00
1588.00
1454.00
1454.00
1454.00
1454.00
1296.00
1296.00
1296.00
1296.00
1435.00
1435.00
1435.00
1435.00
1463.00
1463.00
1463.00
1463.00
1548.00
1548.00
1548.00
1548.00
1562.00
1562.00
1562.00
1562.00
1405.00
1405.00
1405.00
1405.00
1398.00
1398.00
1398.00
1398.00
1634.00
1634.00
1634.00
1634.00
1777.00
1777.00
1777.00
1777.00
1752.00
1752.00
1752.00
1752.00
1609.00
1609.00
1609.00
1609.00
1465.00
1465.00
1465.00
1465.00
1392.00
1392.00
1392.00
1392.00
1581.00
1581.00
1581.00
1581.00
1776.00
1776.00
1776.00
1776.00
1958.00
1958.00
1958.00
1958.00
1899.00
1899.00
1899.00
1899.00
1453.00
1453.00
1453.00
1453.00
1546.00
1546.00
1546.00
1546.00
1694.00
1694.00
1694.00
1694.00
1693.00
1693.00
1693.00
1693.00
1716.00
1716.00
1716.00
1716.00
1783.00
1783.00
1783.00
1783.00
1535.00
1535.00
1535.00
1535.00
1505.00
1505.00
1505.00
1505.00
1642.00
1642.00
1642.00
1642.00
1656.00
1656.00
1656.00
1656.00
1605.00
1605.00
1605.00
1605.00
1793.00
1793.00
1793.00
1793.00
1663.00
1663.00
1663.00
1663.00
1750.00
1750.00
1750.00
1750.00
1935.00
1935.00
1935.00
1935.00
1937.00
1937.00
1937.00
1937.00
2032.00
2032.00
2032.00
2032.00
2043.00
2043.00
2043.00
2043.00
1685.00
1685.00
1685.00
1685.00
1762.00
1762.00
1762.00
1762.00
1935.00
1935.00
1935.00
1935.00
1870.00
1870.00
1870.00
1870.00
1960.00
1960.00
1960.00
1960.00
2087.00
2087.00
2087.00
2087.00
1722.00
1722.00
1722.00
1722.00
1783.00
1783.00
1783.00
1783.00
2064.00
2064.00
2064.00
2064.00
1936.00
1936.00
1936.00
1936.00
1936.00
1936.00
1936.00
1936.00
2136.00
2136.00
2136.00
2136.00
1829.00
1829.00
1829.00
1829.00
1803.00
1803.00
1803.00
1803.00
2026.00
2026.00
2026.00
2026.00
2049.00
2049.00
2049.00
2049.00
2067.00
2067.00
2067.00
2067.00
2052.00
2052.00
2052.00
2052.00
1795.00
1795.00
1795.00
1795.00
1786.00
1786.00
1786.00
1786.00
1895.00
1895.00
1895.00
1895.00
2035.00
2035.00
2035.00
2035.00
2057.00
2057.00
2057.00
2057.00
2080.00
2080.00
2080.00
2080.00
1650.00
1650.00
1650.00
1650.00
1655.00
1655.00
1655.00
1655.00
1703.00
1703.00
1703.00
1703.00
1597.00
1597.00
1597.00
1597.00
1591.00
1591.00
1591.00
1591.00
1680.00
1680.00
1680.00
1680.00
1525.00
1525.00
1525.00
1525.00
1574.00
1574.00
1574.00
1574.00
1868.00
1868.00
1868.00
1868.00
1885.00
1885.00
1885.00
1885.00
2004.00
2004.00
2004.00
2004.00
2123.00
2123.00
2123.00
2123.00
1891.00
1891.00
1891.00
1891.00
1774.00
1774.00
1774.00
1774.00
2011.00
2011.00
2011.00
2011.00
1912.00
1912.00
1912.00
1912.00
1983.00
1983.00
1983.00
1983.00
2185.00
2185.00
2185.00
2185.00
1833.00
1833.00
1833.00
1833.00
1870.00
1870.00
1870.00
1870.00
2121.00
2121.00
2121.00
2121.00
2000.00
2000.00
2000.00
2000.00
2079.00
2079.00
2079.00
2079.00
2313.00
2313.00
2313.00
2313.00
1927.00
1927.00
1927.00
1927.00
1962.00
1962.00
1962.00
1962.00
2230.00
2230.00
2230.00
2230.00
2005.00
2005.00
2005.00
2005.00
2085.00
2085.00
2085.00
2085.00
2212.00
2212.00
2212.00
2212.00
1800.00
1800.00
1800.00
1800.00
1784.00
1784.00
1784.00
1784.00
1813.00
1813.00
1813.00
1813.00
1852.00
1852.00
1852.00
1852.00
1739.00
1739.00
1739.00
1739.00
1706.00
1706.00
1706.00
1706.00
1475.00
1475.00
1475.00
1475.00
1414.00
1414.00
1414.00
1414.00
1496.00
1496.00
1496.00
1496.00
1648.00
1648.00
1648.00
1648.00
1715.00
1715.00
1715.00
1715.00
1765.00
1765.00
1765.00
1765.00
1533.00
1533.00
1533.00
1533.00
1524.00
1524.00
1524.00
1524.00
1700.00
1700.00
1700.00
1700.00
1724.00
1724.00
1724.00
1724.00
1782.00
1782.00
1782.00
1782.00
1770.00
1770.00
1770.00
1770.00
1420.00
1420.00
1420.00
1420.00
1448.00
1448.00
1448.00
1448.00
1672.00
1672.00
1672.00
1672.00
1496.00
1496.00
1496.00
1496.00
1520.00
1520.00
1520.00
1520.00
1553.00
1553.00
1553.00
1553.00
1374.00
1374.00
1374.00
1374.00
1390.00
1390.00
1390.00
1390.00
1474.00
1474.00
1474.00
1474.00
1395.00
1395.00
1395.00
1395.00
1505.00
1505.00
1505.00
1505.00
1585.00
1585.00
1585.00
1585.00
1291.00
1291.00
1291.00
1291.00
1350.00
1350.00
1350.00
1350.00
1453.00
1453.00
1453.00
1453.00
1366.00
1366.00
1366.00
1366.00
1347.50
1347.50
1347.50
1347.50
1458.00
1458.00
1458.00
1458.00
1256.00
1256.00
1256.00
1256.00
1232.00
1232.00
1232.00
1232.00
1390.00
1390.00
1390.00
1390.00
1361.50
1361.50
1361.50
1361.50
1404.00
1404.00
1404.00
1404.00
1419.00
1419.00
1419.00
1419.00
1179.00
1179.00
1179.00
1179.00
1130.00
1130.00
1130.00
1130.00
1436.00
1436.00
1436.00
1436.00
1516.00
1516.00
1516.00
1516.00
1514.00
1514.00
1514.00
1514.00
1500.00
1500.00
1500.00
1500.00
1194.00
1194.00
1194.00
1194.00
1176.00
1176.00
1176.00
1176.00
1406.00
1406.00
1406.00
1406.00
1537.00
1537.00
1537.00
1537.00
1608.00
1608.00
1608.00
1608.00
1675.00
1675.00
1675.00
1675.00
