1092.00
1085.00
1078.00
1085.00
1078.00
1085.00
1050.00
1064.00
1064.00
1078.00
1078.00
1071.00
1085.00
1078.00
1092.00
1092.00
1372.00
1393.00
1386.00
1372.00
1365.00
1386.00
1050.00
1050.00
1085.00
1064.00
1050.00
1071.00
1057.00
1113.00
1330.00
1414.00
1386.00
1393.00
1372.00
1386.00
1400.00
1407.00
1386.00
1407.00
1400.00
1372.00
1386.00
1400.00
1400.00
1414.00
1148.00
1148.00
1127.00
1127.00
1120.00
1127.00
1120.00
1113.00
1372.00
1414.00
1407.00
1407.00
1414.00
1393.00
1407.00
1400.00
1400.00
1379.00
1393.00
1400.00
1400.00
1393.00
1400.00
1393.00
1295.00
1162.00
1148.00
1106.00
1113.00
1127.00
1113.00
1099.00
1295.00
1379.00
1400.00
1400.00
1400.00
1414.00
1407.00
1400.00
1400.00
1393.00
1393.00
1379.00
1372.00
1379.00
1393.00
1393.00
1197.00
1134.00
1134.00
1127.00
1141.00
1141.00
1162.00
1155.00
1169.00
1344.00
1358.00
1365.00
1372.00
1379.00
1386.00
1379.00
1372.00
1379.00
1379.00
1393.00
1393.00
1393.00
1400.00
1400.00
1400.00
1204.00
1155.00
1120.00
1127.00
1127.00
1127.00
1113.00
1225.00
1358.00
1351.00
1372.00
1358.00
1365.00
1358.00
1358.00
1365.00
1365.00
1365.00
1365.00
1365.00
1365.00
1358.00
1358.00
1330.00
1134.00
1134.00
1113.00
1127.00
1141.00
1127.00
1134.00
1113.00
1120.00
1127.00
1120.00
1113.00
1134.00
1120.00
1120.00
1134.00
1127.00
1113.00
1358.00
1344.00
1344.00
1323.00
1169.00
1099.00
1092.00
1099.00
1078.00
1071.00
1078.00
1113.00
1099.00
1085.00
1099.00
1085.00
1106.00
1092.00
1106.00
1099.00
1092.00
1092.00
1071.00
1148.00
1316.00
1337.00
1330.00
1330.00
1323.00
1092.00
1113.00
1099.00
1099.00
1106.00
1099.00
1092.00
1085.00
1106.00
1393.00
1386.00
1372.00
1379.00
1372.00
1386.00
1379.00
1379.00
1372.00
1365.00
1379.00
1379.00
1365.00
1386.00
1239.00
1099.00
1134.00
1092.00
1106.00
1099.00
1092.00
1127.00
1134.00
1113.00
1127.00
1379.00
1393.00
1400.00
1379.00
1393.00
1365.00
1386.00
1393.00
1386.00
1393.00
1393.00
1400.00
1379.00
1372.00
1148.00
1141.00
1141.00
1134.00
1120.00
1113.00
1127.00
1120.00
1295.00
1400.00
1414.00
1393.00
1365.00
1400.00
1393.00
1372.00
1379.00
1379.00
1386.00
1386.00
1379.00
1372.00
1379.00
1274.00
1148.00
1162.00
1141.00
1113.00
1141.00
1120.00
1120.00
1113.00
1155.00
1302.00
1372.00
1365.00
1365.00
1379.00
1372.00
1372.00
1365.00
1365.00
1309.00
1288.00
1316.00
1288.00
1309.00
1323.00
1141.00
1134.00
1141.00
1120.00
1120.00
1127.00
1120.00
1113.00
1134.00
1358.00
1372.00
1386.00
1393.00
1400.00
1386.00
1393.00
1379.00
1379.00
1386.00
1386.00
1379.00
1365.00
1393.00
1344.00
1176.00
1190.00
1127.00
1106.00
1113.00
1106.00
1155.00
1141.00
1141.00
1148.00
1169.00
1169.00
1155.00
1169.00
1183.00
1169.00
1162.00
1169.00
1162.00
1281.00
1288.00
1302.00
1288.00
1288.00
1148.00
1148.00
1155.00
1148.00
1155.00
1134.00
1141.00
1134.00
1141.00
1127.00
1134.00
1134.00
1134.00
1127.00
1141.00
1141.00
1162.00
1169.00
1162.00
1183.00
1211.00
1204.00
1218.00
1204.00
1148.00
1120.00
1134.00
1148.00
1134.00
1162.00
1162.00
1148.00
1323.00
1344.00
1386.00
1393.00
1302.00
1316.00
1316.00
1316.00
1295.00
1295.00
1309.00
1344.00
1330.00
1344.00
1372.00
1351.00
1260.00
1162.00
1162.00
1162.00
1155.00
1162.00
1134.00
1169.00
1232.00
1372.00
1365.00
1379.00
1386.00
1372.00
1344.00
1323.00
1337.00
1358.00
1379.00
1372.00
1379.00
1316.00
1316.00
1302.00
1197.00
1176.00
1155.00
1148.00
1155.00
1155.00
1155.00
1148.00
1155.00
1358.00
1372.00
1372.00
1386.00
1393.00
1379.00
1386.00
1372.00
1379.00
1386.00
1379.00
1379.00
1358.00
1309.00
1323.00
1302.00
1162.00
1183.00
1155.00
1183.00
1155.00
1162.00
1155.00
1239.00
1372.00
1365.00
1365.00
1379.00
1372.00
1358.00
1358.00
1379.00
1358.00
1351.00
1372.00
1386.00
1393.00
1393.00
1393.00
1253.00
1190.00
1176.00
1183.00
1155.00
1162.00
1155.00
1183.00
1344.00
1372.00
1393.00
1386.00
1400.00
1379.00
1372.00
1372.00
1365.00
1365.00
1386.00
1379.00
1372.00
1337.00
1337.00
1323.00
1267.00
1197.00
1071.00
1134.00
1134.00
1134.00
1120.00
1106.00
1120.00
1113.00
1127.00
1127.00
1127.00
1120.00
1078.00
1071.00
1071.00
1064.00
1085.00
1064.00
1106.00
1141.00
1127.00
1099.00
1092.00
1113.00
1120.00
1106.00
1113.00
1106.00
1106.00
1099.00
1078.00
1113.00
1106.00
1127.00
1127.00
1127.00
1120.00
1120.00
1127.00
1106.00
1120.00
1127.00
1134.00
1127.00
1141.00
1127.00
1134.00
1092.00
1106.00
1106.00
1106.00
1120.00
1127.00
1120.00
1127.00
1127.00
1120.00
1127.00
1134.00
1106.00
1134.00
1106.00
1134.00
1141.00
1134.00
1127.00
1169.00
1169.00
1169.00
1169.00
1141.00
1120.00
1127.00
1113.00
1099.00
1120.00
1113.00
1113.00
1197.00
1225.00
1239.00
1302.00
1309.00
1323.00
1393.00
1379.00
1386.00
1379.00
1393.00
1379.00
1372.00
1386.00
1358.00
1225.00
1232.00
1155.00
1162.00
1169.00
1176.00
1148.00
1155.00
1155.00
1204.00
1316.00
1295.00
1337.00
1323.00
1323.00
1302.00
1302.00
1176.00
1197.00
1204.00
1337.00
1358.00
1316.00
1295.00
1267.00
1155.00
1162.00
1148.00
1099.00
1106.00
1106.00
1085.00
1169.00
1169.00
1218.00
1288.00
1323.00
1288.00
1323.00
1309.00
1302.00
1316.00
1204.00
1211.00
1225.00
1281.00
1330.00
1330.00
1197.00
1134.00
1120.00
1127.00
1127.00
1120.00
1120.00
1113.00
1176.00
1183.00
1309.00
1288.00
1309.00
1246.00
1260.00
1246.00
1239.00
1260.00
1176.00
1169.00
1169.00
1323.00
1323.00
1267.00
1197.00
1113.00
1036.00
1050.00
1043.00
1057.00
1071.00
1071.00
1064.00
1050.00
1057.00
1064.00
1064.00
1057.00
1050.00
1057.00
1071.00
1064.00
1064.00
1036.00
1043.00
1057.00
1064.00
1057.00
1057.00
1036.00
1050.00
1043.00
1043.00
1043.00
1043.00
1064.00
1050.00
1064.00
1050.00
1057.00
1064.00
1064.00
1050.00
1050.00
1064.00
1057.00
1064.00
1092.00
1092.00
1085.00
1099.00
1071.00
1050.00
1050.00
1057.00
