   126   21  214
   411   28 1775
   351    8  590
    67    8  172
     9    3  126
    29   11  233
    55   15  522
    80   17  260
   109   21  753
   189   23  369
   111    7  623
    85   18  613
   347   41 1525
   198   14  343
    86   19  871
    64    9  316
    15    6  395
    28    4  265
    29   11  384
     0   11  123
    95   13  604
    44    8  521
    82   17  546
    75    8  167
   185   37  823
   105    3  339
   116   12  278
   188   20  537
     0    0   17
   132    7  486
   109   39  548
   283   40 1199
   255   32  595
    18    2  105
    73   10  355
    92    5  211
   123   19  400
   115   14  593
   111   25 1027
   119   16  440
   269   24 1420
   468   45 1944
   122   26  235
     0    0    3
   179   19  340
    96   17  680
    97   14  320
     0    5  106
   112   12  106
     0    1    1
     0    0   11
     0    1   67
   448   59  663
    35    3   25
   265    9   21
   788   15 1378
    99    3    8
   328    1  335
     0    0    4
     0    0    3
   132    5  258
     0    0   11
   206   29  539
   130   17  270
   206   62 1009
    77   13   87
   234   34 1970
   328   22 1007
     0    3   21
    81    9  275
   126    9  520
    21    3  287
    86   22  283
    45    5  797
    70   15  374
   113   14  462
   129   24  413
   187   46  522
   150   20   66
   209   24  210
    32    4   15
     5    0   22
    18    0   42
    34    5  124
    59    1   67
     0    0   28
   317   20  734
    85   14  151
    69   20  311
   131   17  531
   261   29 1110
     0    3  129
   246   31 1536
   111    3  230
   178   17  995
   273   43 1020
   461   50  849
   594  109 2641
    81   22   56
   233   22  950
    40   10  124
    69   13  490
    45    0  104
     5    5  111
    69   17  438
    89   13  350
    44    8  190
   239   34 1117
    58   13  431
    81    5  218
    16    6  216
   104    0  410
    87   11  412
     0    0   10
   151   13  438
    92   18  338
    94    5  401
    29    4  255
    67   17  264
   267   25 1810
   273   32 1239
   244   33 1428
   243   93  943
   175    7  354
    84   18  844
   167   29  587
   197   41  180
    51    2  379
    79   13  379
    79   22  660
   166    8  491
   173   14  173
   109   26 1237
    62    7  257
    14    8   70
   163   26  819
   183   19  857
    47    9  190
     0    0   27
    37    8  268
   105   32  539
   388   87 1755
     0    1   30
   357   18  377
   174   19  432
    69   17  249
   244   17  390
   210   15 1009
   112   10  294
     0    0    3
   322   30 1066
   311   42  430
    26    2  126
   130   25  303
   515   39  376
   157   14  375
   510   46  439
   366   20  551
   502   20  357
   539   43  183
    78    6  144
   221   20  445
    62    6   35
   792   45 1172
   354    8  510
   351    4  131
   266   30  252
   204   25  308
   184    5  437
   207   15  547
  1093   53 1747
   359   56  274
   724   61  687
   188   18  314
   242   18  140
   309   23  325
   122   16  498
   242   17  360
    85    1   78
   601   19  478
   773   45 1993
    30   14  164
     9    5  124
     0    3  233
     0    1    2
     0    0    3
     0    0    0
    19    3  104
     0    1    8
     0    0    0
    94   13 1083
    84   10  174
   104   19  687
   260   38  793
   413   50 1653
     0    3  201
     0    3  152
    44   14  234
   366   45 1122
    82   10  149
   130   13  430
    22    3   70
   135   22  512
   243   34 1324
   254   21 1799
   358   46  900
    49    3   44
    80    2   95
   184   11  478
   238   22  768
   183   18  385
    76   17  212
   212   23  707
   199   19  747
   166   27  618
    75   10  825
    99   21  605
   140   17 1163
    58   14  511
   395   48 2157
   226   57 2133
   179   32  901
   130   21  237
    52   11  470
   125    5  387
    95   23  234
     0    1    5
     1    0    3
    50    0    5
   324   75  380
     0    0   12
     0    0    0
    93   18  140
   795   47 1146
   272   14 1209
   114    9  268
  1149  140 1208
   382   67  262
     0    0   42
   134   18  115
    37    8  407
    23    0  209
   164   39  581
   232   27  780
   721  110 1050
    80   13  329
   143   18  331
    59   29  614
   238   29  371
    65    6  271
   199   14  503
    71    9  564
    69   10  394
   163   32  810
   132   24  607
   226   25  510
   141   12  270
   263   55  719
    48    0   61
   143   11  520
  1419   24  659
   185    5  508
   313   28  561
   332    7  370
   150   10  152
   381   26 1063
   170   15  707
   615  106 1573
  2340  192 5324
    69    4  168
   153   19   95
   144   17  262
   440   62  717
   511   41 2777
   113   14  137
     0    0   12
   115   15  461
    87   11    0
   138   25  500
   106    7  106
    83    3  430
    84    7  316
    89   14  754
   157   14  597
    64    9  597
     0    4   74
    92   14  271
     0    0    0
   185   13  406
   253   44  346
    36   15  676
    89   13  447
    44   16  236
   190   34  361
     0   25  337
   288   33  497
    98   15  262
   352   44 1448
    52    7  378
   103   23  256
    76   14  312
   168    0  458
   160   17 1120
   641   70 2051
   426   51 2094
   156   31  868
   346   77 2746
    63    7  267
   146   22  630
   208   26  494
   336   48 1057
    48   17  320
   142   16 1004
   221   45 1181
    35    0   35
    91    7  347
    94   12  396
   127   16  253
    90   20  326
   102   20  939
   439   32 2335
   325   77 1792
   185    3  604
    59    8  235
   255   47 1085
   410   69 1058
    69    7  416
   140    4  208
    92   12  367
   178   21  438
    81   15  185
     0    0    0
     0    0   25
     0    0    4
     2    3   35
     0    0    0
     0    0    6
     0    1   10
   128   33  675
   127   39  346
   153   21  215
    56    7  397
    80   23  422
   152   33 1671
    44    9  256
    71    9  643
    63    5  150
   195   36  858
   228   33  567
   120   27  334
   110   11  421
   253   42 1024
   129   25   95
     0    1   36
     0    0    3
