325
2655
972
450
80
0
0
2086.3
60
2169.1
37066
36.7
3215
3112.4
158.4
60
312
0
0
0
1634.8
126.3
15
552.4
0
987.2
0
3498.8
0
2286
520
2424.8
299.1
0
94
1226.1
8559.2
248.2
228.9
0
3364.2
3852.7
763.4
2743.7
1646.2
50
1316.4
0
375
723.8
75
8495
733.7
0
121.4
0
10912.9
48.5
0
0
2040.6
525
5135
0
0
286.7
54.2
1578.9
5090.3
1330.8
160
2560
303.5
35
37020
30
357.8
8
888.1
143.5
6803.1
2549.4
0
0
0
32
0
1471
1948.4
0
40
707.8
1138.4
18
1726.6
2273.1
61.1
5673.5
23093.2
6913.1
50
402.3
37023
1350.6
223.2
0
0
40
37077
462.9
219.2
1256.3
37012
52.9
1341.2
304
181.7
735.6
3226.5
1120.6
132.9
3398.3
2515.2
2607.1
1853.3
819.2
190.8
0
619.8
128
0
0
3684.8
185
2664.3
0
0
714.5
475.6
39
37112
1177
0
150
504.2
492.5
3497.7
301
2351.7
90
2003.3
9021.9
80
308.1
13613.3
1764.6
4468.6
2643.9
4117.3
1361.7
879.8
639.4
0
38848.8
4641.1
277.5
14251
0
0
6837.4
579.3
15724.6
25940.8
609.4
1039.3
2001.5
1169.1
2331.3
150.3
10678.4
37289.1
0
0
0
350
0
0
0
0
2035
100
4051.4
0
37086
11926
3404.5
476.5
0
425
9653.3
123.5
192.8
2138.3
0
1308
4431.8
5088
0
539.7
406.2
1225.6
529.3
157.1
1314.4
5190
185
906.6
0
957.1
36920
9804.3
5371.9
1799.4
37082
0
97
0
52
727
242
1900
0
1038.4
1482.8
48.6
18652.2
0
224.3
662.9
4680
81
299.5
40.8
89.2
351
3333.4
1811.9
124
16092.6
54.8
1131.8
1258
806.7
2215
180
6840
19048.8
1879.1
218
581.5
123.7
141.1
811.5
1195.4
7125.3
16392.1
814.6
5116.3
2168.2
8583.8
10899.1
165
37017
251.5
11360.1
1816.2
0
128.7
98
78.1
4143.7
50
10965.1
2745.8
1168
1416.8
275.8
36931
65.1
523.5
777.7
2488.8
20
570
144.9
0
9484.9
2019.4
952.2
1633.8
523.8
37.5
3002.8
6997
5318.5
209
4489.4
29382.7
213.1
2581.2
1131.8
7568.7
2997.9
1111.5
310.1
2671.7
391.9
383.8
2281.6
1738.8
0
765.7
83
4813.1
1239.9
567.4
0
4515.2
27788.6
2954.4
372
0
7897.4
112.7
0
0
292
10
0
478.2
110.2
248
1074.7
3177.7
1190
0
1808
0
70
2234
8785.5
897.4
0
1160
394.5
