27.85
27.83
27.80
27.77
27.73
27.73
27.70
27.70
27.69
27.69
27.74
27.73
27.71
27.71
27.71
27.70
27.70
27.70
27.75
27.75
27.75
27.75
27.75
27.84
27.88
27.84
27.86
27.84
27.82
27.82
27.78
27.73
27.73
27.77
27.82
27.82
27.80
27.85
27.82
27.80
27.76
27.77
27.78
27.78
27.81
27.90
27.90
27.95
27.93
27.88
27.90
27.82
27.81
27.80
27.85
27.92
27.92
27.90
27.85
27.90
27.88
27.84
27.83
27.82
27.86
27.84
27.81
27.81
27.79
27.72
27.78
27.77
27.70
27.67
27.76
27.81
27.83
27.83
27.85
27.85
27.88
27.86
27.86
27.85
27.89
27.91
27.95
27.93
27.93
27.95
27.95
27.97
27.92
27.97
27.95
27.95
27.96
27.96
27.97
27.97
28.07
28.16
28.16
28.16
28.16
28.48
28.43
28.39
28.38
28.39
28.35
28.35
28.32
28.39
28.36
28.34
28.37
28.39
28.39
28.40
28.36
28.36
28.37
28.40
28.44
28.45
28.44
28.45
28.47
28.50
28.59
28.68
28.68
28.67
28.68
28.66
28.66
28.69
28.65
28.61
28.68
28.76
28.72
28.62
28.65
28.66
28.63
28.62
28.62
28.67
28.65
28.66
28.66
28.66
28.65
28.62
28.65
28.76
