5949.34
5998.12
6214.91
6176.86
6202.36
6266.06
6415.29
6512.17
7032.11
7312.11
7322.51
7574.91
7834.91
7890.49
8150.33
8189.25
7929
7669
7551.77
7537.03
7277
7498.24
7601.65
7663.66
7729.2
7733.49
7644.69
7542.06
7801.97
7772.56
7766.5
7823.65
7754.45
7784.62
7787.81
7724.42
7715.17
7757.41
7825.53
7786.36
7779.52
7715.74
7628.14
7640.53
7599.9
7553.97
7254.74
7114.19
7066.43
6791.73
6775.78
6770.23
6608.95
6647.06
6354.8
6395.54
6531.99
6586.77
6407.66
6468.58
6450.42
6511.52
6561.79
6446.46
6329.65
6155.28
6261.23
6334.63
6219.23
6266.31
6200.43
6174.05
6112.42
5847.23
5918.5
5678.5
5624.4
5753.27
5656.91
5583.02
5619.71
5593.22
5534.64
5437.35
5371
5305
5238.64
5047.16
5126.39
5293.14
5147.98
5067.02
5008.89
4974.05
4875.42
4665.52
4665.47
4875.47
4950.66
4742.53
4742.46
4866.87
4858.17
4881.89
4974.56
4943.1
4873.65
4751.15
4791.56
4802.24
4803.51
4791.06
4777.48
4759.89
4757.55
4722.12
4685.03
4684.17
4612.09
4677.61
4630.66
4652.08
4639.36
4627.68
4629.11
4617.35
4611.43
4598.01
4596.7
4599.94
4583.53
4580.35
4576.79
4594.79
