0
0
0
0
0.00289367
0.00544316
0.00544316
0.00544316
0.00544316
0.00544316
0.00544316
0.0069052
0.00736032
0.00767512
0.00911816
0.00911816
0.00945007
0.00952566
0.01248587
0.01248587
0.01248587
0.01271094
0.01271094
0.0143768
0.01903608
0.01986381
0.01991522
0.0217172
0.02254159
0.02668862
0.02714216
0.0274345
0.03023899
0.03362869
0.03428171
0.03537815
0.04079254
0.04288225
0.05476079
0.06394392
0.06597531
0.06766676
0.07633402
0.07740437
0.0816446
0.08544412
0.08559126
0.0882334
0.08983879
0.09042917
0.0905951
0.09148438
0.10606639
0.10987017
0.1123035
0.11253682
0.11794647
0.1192462
0.12205581
0.12260031
0.12272641
0.12714379
0.12732741
0.13050394
0.13392927
0.14010163
0.14155786
0.14166548
0.1483869
0.15710616
0.15725761
0.16697396
0.17729949
0.18480327
0.18604125
0.18809559
0.19595383
0.19977395
0.20181015
0.20330522
0.2045239
0.20555158
0.208854
0.21727132
0.22236
0.22423175
0.22578691
0.22589135
0.22975923
0.23632568
0.24292408
0.25278172
0.25324489
0.26310097
0.2685429
0.28462551
0.29368061
0.30688236
0.31458263
0.32648933
0.3326152
0.33712788
0.35014566
0.35476947
0.37115332
0.37507694
0.39681067
0.40201116
0.44936735
0.4542587
0.45878045
0.47300669
0.49049473
0.50299574
0.51010302
0.51767789
0.52269253
0.53077816
0.53078677
0.53528653
0.54635318
0.55047219
0.57523588
0.58087171
0.58297589
0.59930132
0.61751213
0.62923888
0.6333057
0.64803627
0.67056127
0.68131238
0.68757041
0.71101379
0.79615078
0.800691
0.84626126
0.85582447
0.85596949
0.90338041
0.91640832
0.96827276
0.98053699
1.03153413
1.04818803
1.09866437
1.10684504
1.11483127
1.15866948
1.2487866
1.31439279
1.42761476
1.43733051
1.45113309
1.46510066
1.49689748
1.50622428
1.52559203
1.64315651
1.68335731
1.69548452
1.73034342
1.80916459
1.81847347
1.82967021
1.85009366
1.85201707
1.86239478
1.87283291
1.88003337
1.92635876
1.92740666
1.92972229
1.94077152
1.96739871
1.99751764
1.9977887
2.01275017
2.02787935
2.03689814
2.04390662
2.09313874
2.10371587
2.18307892
2.19651107
2.20952599
2.26364833
2.30708578
2.39117078
2.39484719
2.40953234
2.41700876
2.46270369
2.48090487
2.48695042
2.54696421
2.58619597
2.70886226
2.71232346
2.73378322
2.85146553
2.91545669
2.95834925
2.97204097
2.97606173
3.11389704
3.1510749
3.16269911
3.267054
3.29095839
3.36825524
3.38322403
3.41017191
3.41185225
3.42754298
3.48040453
3.49935321
3.51170579
3.66518991
3.82890039
3.9548378
4.01928127
4.10171181
4.12368268
4.14541526
4.19014242
4.22612288
4.25321476
4.57286551
4.58685955
4.6248366
4.66607961
4.77311425
4.8558544
4.95688353
5.04219655
5.04847208
5.07326903
5.13632758
5.20648557
5.48233363
5.76369957
5.86228989
6.06025987
6.06102249
6.16588967
6.27024661
6.34461372
6.35639441
6.37855699
6.80782557
6.81197734
6.89161954
6.92345625
7.01054196
7.05427835
7.15870856
7.35255615
7.40550067
7.41817508
7.43694442
7.46719681
7.49270581
7.50341986
7.52279575
7.52421431
7.7474355
7.74875236
7.77381768
7.95807873
8.03203852
8.10956986
8.19542185
8.19677294
8.52923785
9.20265881
9.26111753
9.49901052
9.60851432
9.61510428
9.65952958
9.73392078
9.77421067
9.98024759
10.36292157
10.39141375
10.39510998
10.48715033
10.63609353
10.78822755
11.87213619
11.9309802
11.9805341
11.99110026
12.14950591
12.44790691
12.5013269
12.57624402
12.89146653
13.19447182
13.4087339
13.58122411
13.76518991
13.92688648
14.79283038
14.98063547
14.98619189
15.18356669
15.35977733
15.6730789
16.03684148
16.05776936
16.15268844
16.2724431
16.53343084
18.27707298
19.23268107
19.3727321
19.81281598
20.04232893
20.15703642
21.52954034
22.59649096
22.63034226
22.86111903
22.88249019
23.5829638
24.49283364
26.68152417
26.78884385
27.09527609
27.09823159
27.30713166
29.37378573
30.63310035
30.91485921
30.94885277
31.00676186
31.33664464
31.6239568
32.76856228
33.14675364
33.61070552
33.76661254
38.95779374
39.76436047
40.35470379
43.21085387
43.92061995
49.3071033
49.96992221
56.48376441
57.6668236
61.57286026
63.5624166
65.93030463
66.0068425
66.52142976
73.31675616
77.2438915
83.46817949
86.52232164
89.17732355
92.13993986
99.64026423
105.36393536
106.39965068
133.40139009
139.47417235
158.85348105
178.2428011
179.8849576
180.53071408
314.9502848
