60.39	60.94	182.93	192.91	202.89	181.27	197.90
59.83	59.83	184.59	191.24	201.22	179.60	199.56
59.83	59.83	186.26	191.24	199.56	181.27	201.22
60.39	59.83	186.26	189.58	202.89	177.94	197.90
59.28	59.28	182.93	187.92	202.89	179.60	197.90
59.83	58.72	182.93	191.24	201.22	177.94	197.90
59.28	59.28	182.93	187.92	199.56	172.95	197.90
58.72	58.17	177.94	189.58	206.21	177.94	197.90
59.83	59.28	181.27	187.92	202.89	181.27	197.90
59.28	58.72	184.59	187.92	201.22	174.62	197.90
59.83	59.28	186.26	186.26	197.90	179.60	199.56
60.39	53.74	174.62	189.58	202.89	181.27	199.56
59.28	58.17	182.93	189.58	202.89	182.93	199.56
59.83	59.83	184.59	189.58	201.22	184.59	201.22
59.83	59.83	186.26	189.58	207.88	184.59	197.90
59.83	59.83	187.92	191.24	204.55	182.93	197.90
81.99	77.56	236.15	244.46	256.10	226.17	236.15
79.78	77.56	234.48	231.16	262.75	244.46	254.44
79.78	77.01	236.15	219.52	262.75	247.79	256.10
79.22	77.56	234.48	222.84	251.11	241.13	252.78
79.78	77.56	234.48	219.52	247.79	244.46	252.78
79.78	77.56	232.82	234.48	249.45	246.12	252.78
62.05	56.51	172.95	184.59	169.63	199.56	202.89
60.39	60.39	176.28	184.59	177.94	199.56	201.22
60.39	59.83	182.93	194.57	179.60	197.90	199.56
60.39	59.83	174.62	184.59	179.60	197.90	199.56
60.94	59.83	174.62	189.58	176.28	196.23	202.89
59.83	59.83	174.62	186.26	177.94	196.23	201.22
60.39	59.28	176.28	186.26	179.60	196.23	201.22
59.83	59.28	202.89	199.56	196.23	192.91	201.22
78.67	74.79	231.16	246.12	247.79	221.18	232.82
79.22	76.45	247.79	249.45	257.76	236.15	249.45
79.22	73.68	236.15	249.45	252.78	236.15	249.45
79.78	75.90	236.15	244.46	259.43	236.15	251.11
79.78	75.90	232.82	244.46	256.10	239.47	251.11
79.78	75.90	237.81	234.48	252.78	239.47	251.11
80.33	76.45	241.13	241.13	259.43	241.13	252.78
79.78	76.45	237.81	241.13	257.76	244.46	252.78
80.33	75.90	236.15	241.13	251.11	242.80	256.10
80.33	76.45	236.15	241.13	259.43	242.80	256.10
80.33	76.45	236.15	237.81	254.44	242.80	256.10
80.33	75.90	239.47	236.15	259.43	236.15	251.11
80.33	76.45	247.79	247.79	251.11	236.15	251.11
80.33	76.45	251.11	247.79	257.76	239.47	247.79
80.33	76.45	249.45	246.12	259.43	237.81	252.78
80.88	77.01	242.80	247.79	254.44	246.12	259.43
63.71	59.83	207.88	209.54	199.56	199.56	209.54
63.16	59.83	224.51	219.52	196.23	176.28	196.23
62.60	59.83	219.52	216.19	201.22	174.62	196.23
62.05	58.72	214.53	214.53	201.22	172.95	196.23
62.60	59.28	216.19	212.86	202.89	176.28	197.90
61.49	58.72	214.53	217.85	201.22	172.95	194.57
60.94	57.06	212.86	214.53	199.56	182.93	194.57
61.49	58.17	211.20	212.86	196.23	179.60	197.90
72.57	70.36	232.82	242.80	246.12	231.16	259.43
79.22	78.11	236.15	244.46	251.11	246.12	266.08
78.67	77.56	237.81	244.46	249.45	244.46	264.42
79.22	79.22	239.47	244.46	251.11	244.46	256.10
79.22	77.56	239.47	244.46	249.45	242.80	259.43
79.78	79.22	219.52	246.12	251.11	242.80	261.09
80.88	79.22	237.81	247.79	261.09	244.46	256.10
79.78	78.67	239.47	244.46	252.78	244.46	254.44
79.78	78.67	234.48	242.80	254.44	244.46	254.44
79.78	79.22	231.16	246.12	259.43	241.13	254.44
79.22	74.79	231.16	242.80	254.44	239.47	252.78
80.33	79.22	232.82	244.46	254.44	241.13	252.78
80.33	79.78	232.82	246.12	254.44	241.13	256.10
79.78	78.67	232.82	244.46	252.78	241.13	252.78
79.78	78.67	236.15	246.12	256.10	242.80	251.11
79.78	79.22	232.82	244.46	251.11	241.13	254.44
61.49	61.49	236.15	226.17	254.44	226.17	234.48
60.39	59.28	211.20	209.54	211.20	201.22	202.89
60.94	60.39	207.88	206.21	206.21	197.90	201.22
60.39	59.83	204.55	204.55	204.55	176.28	201.22
60.39	59.28	202.89	206.21	206.21	176.28	201.22
60.39	59.83	207.88	204.55	202.89	177.94	202.89
59.83	59.28	202.89	206.21	206.21	181.27	202.89
63.16	62.60	201.22	202.89	204.55	177.94	202.89
66.48	63.16	227.83	241.13	236.15	221.18	236.15
73.68	78.11	231.16	242.80	251.11	237.81	251.11
78.67	78.11	242.80	246.12	246.12	239.47	252.78
78.67	78.67	246.12	244.46	241.13	246.12	254.44
79.22	79.78	242.80	246.12	251.11	239.47	252.78
79.78	79.22	244.46	246.12	254.44	241.13	256.10
79.22	78.67	244.46	246.12	252.78	241.13	256.10
79.22	78.11	242.80	244.46	249.45	236.15	254.44
79.22	78.67	242.80	242.80	249.45	237.81	256.10
78.67	78.67	244.46	241.13	244.46	236.15	254.44
79.22	79.22	244.46	241.13	247.79	236.15	252.78
78.67	79.22	241.13	242.80	246.12	237.81	251.11
78.11	79.22	241.13	241.13	246.12	236.15	252.78
78.67	79.22	239.47	242.80	251.11	234.48	251.11
79.22	79.22	242.80	241.13	246.12	231.16	252.78
78.67	79.22	236.15	242.80	249.45	239.47	254.44
77.56	61.49	187.92	189.58	189.58	229.49	252.78
77.56	61.49	186.26	189.58	194.57	206.21	216.19
78.11	61.49	189.58	192.91	192.91	204.55	214.53
78.11	61.49	187.92	189.58	192.91	201.22	212.86
77.56	61.49	207.88	191.24	194.57	206.21	212.86
77.01	60.94	201.22	189.58	194.57	201.22	212.86
79.22	78.67	204.55	187.92	191.24	204.55	216.19
77.56	77.01	201.22	189.58	194.57	197.90	211.20
78.11	77.56	214.53	189.58	191.24	199.56	209.54
78.11	77.56	234.48	216.19	241.13	234.48	261.09
78.11	77.01	231.16	212.86	247.79	241.13	259.43
77.56	77.56	232.82	224.51	246.12	241.13	256.10
78.11	77.01	236.15	227.83	252.78	241.13	256.10
78.11	77.56	234.48	227.83	251.11	241.13	257.76
78.67	75.90	231.16	227.83	262.75	242.80	251.11
78.67	78.11	234.48	222.84	262.75	242.80	246.12
78.11	77.56	232.82	219.52	261.09	241.13	252.78
78.11	77.56	234.48	221.18	261.09	242.80	252.78
78.67	77.56	236.15	237.81	261.09	241.13	252.78
78.67	78.11	236.15	239.47	259.43	239.47	254.44
78.11	77.56	232.82	237.81	261.09	247.79	252.78
78.11	77.56	234.48	239.47	261.09	242.80	254.44
79.22	78.11	236.15	239.47	257.76	244.46	254.44
78.67	78.67	237.81	239.47	259.43	236.15	256.10
79.22	78.11	237.81	241.13	261.09	239.47	252.78
60.94	59.83	191.24	192.91	257.76	221.18	216.19
59.83	60.39	191.24	191.24	246.12	194.57	196.23
59.83	60.39	191.24	211.20	206.21	199.56	192.91
60.39	60.39	192.91	214.53	209.54	206.21	196.23
60.39	59.83	191.24	214.53	206.21	192.91	197.90
59.83	59.83	191.24	211.20	204.55	194.57	196.23
59.83	60.39	192.91	211.20	202.89	194.57	192.91
59.83	60.39	189.58	209.54	199.56	244.46	256.10
80.88	75.90	226.17	232.82	231.16	242.80	259.43
78.67	75.34	227.83	226.17	247.79	241.13	257.76
78.67	75.34	227.83	226.17	252.78	241.13	257.76
78.67	74.79	227.83	214.53	251.11	239.47	257.76
78.67	75.34	229.49	214.53	256.10	236.15	256.10
79.22	75.90	226.17	214.53	257.76	244.46	257.76
79.22	76.45	226.17	216.19	256.10	241.13	257.76
79.22	75.90	227.83	216.19	254.44	244.46	254.44
79.22	75.90	226.17	211.20	256.10	241.13	259.43
79.22	75.90	231.16	214.53	254.44	242.80	259.43
79.22	75.34	227.83	212.86	256.10	241.13	256.10
78.67	75.90	227.83	216.19	257.76	239.47	257.76
79.78	77.01	229.49	214.53	256.10	239.47	259.43
79.22	75.90	227.83	214.53	254.44	239.47	256.10
79.22	76.45	227.83	216.19	259.43	241.13	257.76
79.78	76.45	226.17	214.53	261.09	231.16	236.15
65.93	65.37	206.21	207.88	202.89	191.24	192.91
65.37	65.37	206.21	209.54	196.23	182.93	194.57
65.93	64.82	202.89	211.20	196.23	184.59	197.90
65.93	65.37	206.21	209.54	201.22	181.27	194.57
66.48	65.37	209.54	211.20	201.22	182.93	197.90
65.37	64.26	204.55	209.54	194.57	181.27	196.23
65.37	64.82	202.89	209.54	201.22	177.94	196.23
65.37	64.26	201.22	207.88	194.57	181.27	194.57
65.37	64.82	201.22	207.88	194.57	182.93	196.23
64.82	64.26	202.89	206.21	197.90	182.93	196.23
65.37	64.82	207.88	207.88	196.23	181.27	191.24
65.37	64.82	204.55	207.88	194.57	181.27	191.24
65.37	65.37	209.54	211.20	202.89	182.93	191.24
66.48	65.37	204.55	211.20	201.22	181.27	189.58
65.93	65.37	202.89	209.54	194.57	179.60	192.91
65.93	65.93	201.22	207.88	201.22	181.27	194.57
66.48	66.48	211.20	207.88	196.23	179.60	191.24
65.93	64.82	201.22	207.88	196.23	179.60	191.24
65.37	64.82	234.48	241.13	244.46	239.47	251.11
65.93	64.82	236.15	237.81	244.46	244.46	242.80
65.37	64.82	234.48	237.81	246.12	242.80	249.45
65.93	64.82	236.15	204.55	247.79	239.47	247.79
65.93	64.82	196.23	204.55	247.79	199.56	196.23
65.37	64.26	182.93	192.91	192.91	197.90	197.90
65.37	64.26	186.26	191.24	187.92	196.23	196.23
65.37	64.26	186.26	191.24	187.92	201.22	199.56
65.93	64.26	184.59	191.24	189.58	179.60	199.56
65.37	64.26	184.59	189.58	187.92	181.27	199.56
65.93	64.82	184.59	191.24	186.26	179.60	201.22
65.93	64.26	184.59	219.52	199.56	181.27	197.90
65.37	64.26	182.93	206.21	197.90	182.93	199.56
64.82	63.71	182.93	204.55	196.23	177.94	201.22
65.37	63.71	181.27	204.55	199.56	177.94	199.56
64.82	63.16	184.59	204.55	199.56	174.62	194.57
65.37	63.16	182.93	209.54	197.90	177.94	201.22
64.82	63.16	182.93	204.55	201.22	179.60	197.90
65.37	63.71	189.58	207.88	201.22	179.60	197.90
65.37	64.26	189.58	207.88	201.22	177.94	197.90
65.93	64.26	181.27	196.23	197.90	176.28	197.90
65.93	64.82	181.27	194.57	196.23	176.28	199.56
65.93	64.82	177.94	194.57	196.23	177.94	201.22
66.48	64.82	199.56	194.57	199.56	201.22	216.19
66.48	65.37	237.81	234.48	237.81	231.16	241.13
65.93	64.82	234.48	234.48	241.13	232.82	246.12
65.37	63.71	234.48	234.48	234.48	234.48	246.12
65.93	64.82	229.49	234.48	232.82	237.81	246.12
65.93	63.16	229.49	234.48	234.48	232.82	247.79
62.60	62.05	184.59	189.58	182.93	207.88	211.20
63.16	62.05	182.93	189.58	187.92	209.54	211.20
62.60	61.49	181.27	186.26	174.62	202.89	207.88
62.60	61.49	181.27	189.58	181.27	197.90	206.21
63.16	62.05	184.59	187.92	182.93	207.88	207.88
63.16	62.05	181.27	187.92	181.27	204.55	207.88
63.16	62.05	179.60	191.24	181.27	201.22	207.88
63.16	60.39	179.60	199.56	177.94	204.55	206.21
62.60	60.94	179.60	197.90	182.93	202.89	204.55
80.33	77.56	234.48	249.45	246.12	237.81	247.79
79.78	75.90	234.48	246.12	247.79	241.13	251.11
79.78	76.45	234.48	247.79	244.46	237.81	251.11
80.33	77.01	236.15	249.45	251.11	239.47	241.13
80.33	76.45	232.82	241.13	247.79	237.81	249.45
80.33	77.56	232.82	242.80	246.12	237.81	254.44
80.33	78.11	234.48	242.80	249.45	237.81	252.78
80.33	77.01	232.82	239.47	249.45	239.47	251.11
80.33	77.56	234.48	241.13	246.12	237.81	251.11
80.33	75.90	234.48	241.13	247.79	237.81	251.11
80.88	78.11	232.82	239.47	246.12	241.13	251.11
80.33	77.56	234.48	241.13	247.79	237.81	249.45
80.33	77.56	234.48	241.13	249.45	236.15	249.45
80.33	77.56	236.15	241.13	251.11	236.15	252.78
60.39	62.60	219.52	222.84	224.51	212.86	222.84
59.83	61.49	191.24	194.57	197.90	202.89	207.88
59.28	62.05	187.92	201.22	194.57	204.55	207.88
59.83	62.05	177.94	199.56	197.90	189.58	199.56
60.39	62.05	182.93	202.89	201.22	191.24	197.90
59.28	61.49	181.27	201.22	196.23	186.26	199.56
59.83	62.05	176.28	199.56	194.57	187.92	199.56
59.28	61.49	179.60	199.56	194.57	212.86	226.17
59.83	61.49	177.94	199.56	191.24	212.86	222.84
59.28	60.94	174.62	197.90	199.56	212.86	221.18
59.28	62.05	176.28	196.23	196.23	214.53	221.18
79.22	77.01	231.16	239.47	247.79	241.13	251.11
79.78	76.45	236.15	244.46	257.76	237.81	247.79
79.78	78.11	244.46	247.79	254.44	239.47	249.45
80.33	77.56	242.80	247.79	256.10	237.81	249.45
79.78	77.56	239.47	247.79	254.44	237.81	247.79
80.33	77.56	237.81	241.13	256.10	232.82	251.11
79.22	77.01	236.15	239.47	252.78	237.81	252.78
79.78	76.45	234.48	239.47	254.44	237.81	254.44
80.33	76.45	236.15	239.47	257.76	237.81	257.76
79.78	77.01	236.15	239.47	256.10	234.48	254.44
79.78	77.01	237.81	241.13	254.44	236.15	254.44
79.78	77.56	241.13	242.80	254.44	239.47	256.10
80.33	77.56	237.81	239.47	252.78	239.47	256.10
60.39	60.39	239.47	242.80	256.10	241.13	256.10
61.49	60.94	207.88	204.55	204.55	202.89	201.22
61.49	60.94	202.89	199.56	204.55	204.55	199.56
61.49	60.94	182.93	194.57	197.90	206.21	227.83
60.94	60.94	182.93	191.24	192.91	204.55	226.17
60.94	60.94	181.27	191.24	199.56	201.22	226.17
62.05	61.49	182.93	192.91	192.91	201.22	224.51
61.49	61.49	184.59	192.91	194.57	202.89	224.51
60.94	60.39	181.27	191.24	189.58	202.89	222.84
61.49	60.94	214.53	234.48	242.80	237.81	249.45
78.11	77.56	237.81	241.13	247.79	244.46	256.10
78.67	77.56	239.47	244.46	262.75	241.13	256.10
78.11	78.11	234.48	242.80	257.76	244.46	252.78
78.11	77.01	227.83	244.46	247.79	241.13	256.10
78.67	79.22	234.48	244.46	257.76	241.13	254.44
78.67	78.11	236.15	244.46	251.11	241.13	252.78
78.67	78.67	237.81	242.80	251.11	241.13	249.45
78.11	78.67	231.16	241.13	256.10	236.15	251.11
78.67	78.67	227.83	241.13	251.11	239.47	251.11
78.67	78.11	234.48	241.13	257.76	237.81	251.11
78.11	78.11	231.16	239.47	249.45	237.81	249.45
78.67	78.67	232.82	241.13	252.78	236.15	249.45
78.11	78.11	229.49	241.13	249.45	234.48	244.46
78.67	78.67	234.48	244.46	247.79	244.46	251.11
69.80	61.49	222.84	224.51	237.81	236.15	221.18
59.83	62.05	196.23	201.22	204.55	214.53	211.20
59.28	62.05	196.23	201.22	207.88	216.19	209.54
59.28	62.05	192.91	194.57	202.89	214.53	212.86
59.28	62.05	179.60	194.57	202.89	216.19	212.86
58.72	62.05	181.27	197.90	207.88	216.19	214.53
59.28	61.49	181.27	191.24	199.56	211.20	209.54
58.72	61.49	176.28	189.58	202.89	214.53	211.20
58.17	60.94	181.27	189.58	202.89	212.86	207.88
57.62	60.39	207.88	189.58	202.89	212.86	211.20
57.62	59.83	234.48	237.81	239.47	232.82	239.47
77.56	76.45	236.15	241.13	244.46	237.81	247.79
78.11	77.01	234.48	244.46	246.12	232.82	244.46
77.56	77.01	231.16	241.13	236.15	234.48	247.79
78.11	77.56	232.82	242.80	249.45	237.81	246.12
78.11	76.45	232.82	242.80	244.46	237.81	247.79
78.11	76.45	231.16	241.13	246.12	234.48	246.12
78.11	76.45	234.48	234.48	247.79	237.81	246.12
78.67	77.01	232.82	239.47	242.80	237.81	244.46
78.11	77.01	236.15	229.49	239.47	214.53	226.17
70.36	68.70	232.82	229.49	234.48	217.85	226.17
72.57	77.56	236.15	244.46	232.82	216.19	226.17
71.47	75.90	229.49	234.48	231.16	219.52	227.83
71.47	77.56	232.82	241.13	237.81	221.18	226.17
72.02	77.56	232.82	242.80	236.15	224.51	224.51
70.91	68.70	199.56	202.89	204.55	206.21	202.89
70.36	60.94	199.56	199.56	207.88	199.56	199.56
69.80	61.49	199.56	197.90	201.22	197.90	199.56
69.80	61.49	192.91	201.22	206.21	197.90	201.22
69.80	60.94	191.24	197.90	201.22	196.23	201.22
69.80	58.72	194.57	199.56	194.57	194.57	201.22
69.25	60.94	196.23	197.90	202.89	194.57	196.23
68.70	59.83	191.24	194.57	199.56	192.91	196.23
68.70	59.28	191.24	197.90	231.16	197.90	204.55
70.91	75.90	234.48	242.80	247.79	234.48	247.79
79.22	77.01	236.15	242.80	246.12	234.48	254.44
79.22	75.90	231.16	244.46	244.46	239.47	257.76
79.78	77.56	236.15	244.46	247.79	237.81	261.09
79.78	77.01	239.47	244.46	254.44	232.82	261.09
79.78	77.56	234.48	244.46	247.79	239.47	259.43
80.33	78.11	234.48	244.46	247.79	237.81	261.09
79.22	77.01	236.15	242.80	244.46	237.81	257.76
79.22	77.56	229.49	242.80	244.46	236.15	259.43
79.78	77.56	226.17	244.46	244.46	239.47	256.10
79.78	77.01	229.49	244.46	246.12	241.13	256.10
79.78	78.67	232.82	241.13	246.12	237.81	254.44
78.67	77.01	231.16	239.47	247.79	234.48	252.78
80.33	78.11	234.48	244.46	251.11	236.15	256.10
79.78	76.45	229.49	241.13	242.80	232.82	246.12
0.00	76.45	207.88	224.51	224.51	206.21	222.84
0.00	75.90	217.85	221.18	232.82	211.20	224.51
0.00	77.01	204.55	212.86	221.18	196.23	204.55
0.00	77.01	204.55	209.54	217.85	196.23	199.56
0.00	76.45	204.55	212.86	219.52	199.56	196.23
0.00	75.90	204.55	211.20	221.18	197.90	197.90
0.00	76.45	217.85	219.52	246.12	194.57	197.90
0.00	76.45	211.20	216.19	247.79	189.58	194.57
0.00	75.90	211.20	221.18	247.79	191.24	194.57
0.00	75.34	211.20	222.84	247.79	192.91	194.57
0.00	77.01	219.52	226.17	254.44	197.90	194.57
0.00	75.90	216.19	224.51	251.11	194.57	196.23
0.00	76.45	216.19	226.17	247.79	199.56	194.57
0.00	74.79	216.19	226.17	252.78	197.90	197.90
0.00	77.01	214.53	229.49	251.11	199.56	197.90
0.00	77.01	214.53	231.16	252.78	189.58	194.57
0.00	77.01	214.53	227.83	247.79	196.23	194.57
0.00	77.56	214.53	229.49	246.12	197.90	199.56
0.00	77.56	214.53	227.83	251.11	199.56	197.90
0.00	77.01	237.81	242.80	246.12	232.82	236.15
0.00	77.56	231.16	246.12	249.45	237.81	237.81
0.00	78.67	237.81	246.12	252.78	236.15	237.81
0.00	78.11	237.81	247.79	246.12	232.82	241.13
0.00	77.56	234.48	247.79	249.45	234.48	241.13
0.00	77.56	211.20	221.18	224.51	199.56	201.22
0.00	78.11	214.53	221.18	227.83	199.56	202.89
0.00	77.56	212.86	221.18	231.16	199.56	201.22
0.00	77.01	214.53	222.84	229.49	201.22	202.89
0.00	77.56	214.53	219.52	229.49	201.22	204.55
0.00	77.01	214.53	219.52	224.51	199.56	201.22
0.00	77.01	212.86	219.52	229.49	194.57	201.22
0.00	76.45	207.88	219.52	224.51	196.23	202.89
0.00	76.45	209.54	217.85	222.84	201.22	201.22
0.00	76.45	206.21	219.52	222.84	197.90	202.89
0.00	76.45	209.54	217.85	224.51	199.56	202.89
0.00	77.01	209.54	217.85	222.84	204.55	199.56
0.00	76.45	209.54	216.19	226.17	199.56	199.56
0.00	75.90	214.53	219.52	226.17	199.56	197.90
0.00	77.01	209.54	221.18	226.17	201.22	197.90
0.00	76.45	209.54	219.52	227.83	201.22	197.90
0.00	62.05	222.84	227.83	251.11	197.90	194.57
0.00	61.49	221.18	229.49	249.45	204.55	192.91
0.00	62.05	222.84	229.49	246.12	196.23	194.57
0.00	60.94	229.49	237.81	251.11	204.55	196.23
0.00	62.05	236.15	242.80	247.79	214.53	196.23
0.00	61.49	232.82	242.80	252.78	216.19	196.23
0.00	62.05	237.81	244.46	247.79	207.88	194.57
0.00	60.94	236.15	241.13	247.79	217.85	194.57
0.00	60.94	214.53	224.51	237.81	202.89	196.23
0.00	60.39	212.86	222.84	234.48	181.27	197.90
14.96	60.94	217.85	222.84	234.48	179.60	196.23
24.38	61.49	214.53	222.84	239.47	179.60	196.23
41.00	60.39	207.88	219.52	234.48	179.60	196.23
57.62	59.83	214.53	219.52	231.16	179.60	194.57
61.49	60.39	214.53	214.53	229.49	181.27	191.24
62.05	60.39	212.86	216.19	231.16	177.94	194.57
70.91	70.36	236.15	244.46	232.82	222.84	229.49
78.67	76.45	227.83	241.13	246.12	229.49	234.48
78.67	76.45	234.48	241.13	249.45	239.47	256.10
79.78	76.45	237.81	241.13	251.11	244.46	251.11
0.00	77.01	236.15	244.46	254.44	241.13	252.78
0.00	75.90	232.82	246.12	249.45	244.46	254.44
0.00	76.45	231.16	244.46	254.44	241.13	254.44
0.00	77.56	232.82	246.12	251.11	237.81	249.45
0.00	76.45	232.82	247.79	251.11	242.80	252.78
0.00	76.45	227.83	244.46	251.11	242.80	252.78
36.56	77.01	217.85	229.49	247.79	244.46	252.78
64.26	76.45	212.86	224.51	254.44	241.13	256.10
58.72	76.45	212.86	222.84	252.78	246.12	256.10
59.28	77.01	226.17	229.49	251.11	241.13	251.11
59.28	77.01	221.18	246.12	251.11	242.80	254.44
59.28	77.01	222.84	247.79	252.78	242.80	254.44
58.72	75.90	222.84	246.12	251.11	189.58	197.90
58.72	75.90	192.91	214.53	219.52	194.57	201.22
59.28	77.01	194.57	216.19	221.18	191.24	199.56
59.28	76.45	192.91	214.53	214.53	192.91	201.22
59.83	77.01	194.57	216.19	216.19	192.91	202.89
59.83	77.01	192.91	214.53	212.86	189.58	202.89
59.28	77.01	191.24	211.20	207.88	191.24	201.22
59.83	77.01	194.57	214.53	209.54	189.58	216.19
59.28	76.45	192.91	212.86	212.86	224.51	247.79
77.01	78.11	231.16	244.46	242.80	237.81	249.45
77.01	77.56	229.49	244.46	244.46	239.47	247.79
77.01	77.01	234.48	247.79	241.13	242.80	251.11
78.11	78.11	231.16	246.12	246.12	239.47	252.78
77.56	78.11	234.48	242.80	244.46	237.81	251.11
78.11	78.67	237.81	237.81	236.15	239.47	234.48
78.11	78.67	231.16	237.81	232.82	239.47	232.82
77.56	77.01	229.49	236.15	244.46	237.81	229.49
78.11	78.11	227.83	236.15	251.11	236.15	251.11
78.11	77.56	231.16	237.81	249.45	239.47	256.10
78.11	78.11	232.82	239.47	249.45	236.15	251.11
78.67	78.11	229.49	239.47	249.45	237.81	256.10
78.11	78.67	207.88	217.85	226.17	239.47	256.10
78.67	78.11	212.86	217.85	231.16	241.13	256.10
78.67	78.11	216.19	216.19	227.83	237.81	244.46
61.49	72.57	192.91	201.22	226.17	214.53	219.52
59.28	60.94	217.85	207.88	216.19	201.22	199.56
59.28	60.94	201.22	206.21	216.19	197.90	199.56
59.28	60.94	202.89	207.88	216.19	196.23	202.89
59.28	61.49	211.20	206.21	211.20	192.91	197.90
59.83	60.39	226.17	204.55	209.54	194.57	199.56
58.72	60.39	221.18	204.55	209.54	192.91	196.23
58.17	59.83	219.52	204.55	209.54	192.91	196.23
58.72	60.94	224.51	216.19	209.54	191.24	194.57
78.67	77.01	234.48	237.81	247.79	232.82	244.46
79.22	77.01	234.48	241.13	247.79	236.15	252.78
78.67	76.45	227.83	237.81	251.11	236.15	254.44
79.22	77.01	234.48	244.46	249.45	234.48	252.78
79.78	78.11	232.82	244.46	252.78	236.15	256.10
79.78	76.45	234.48	237.81	249.45	236.15	256.10
79.78	77.01	231.16	244.46	251.11	236.15	254.44
79.78	77.01	231.16	246.12	251.11	231.16	256.10
79.78	77.01	227.83	244.46	249.45	236.15	254.44
80.33	77.56	236.15	244.46	246.12	234.48	252.78
79.78	77.56	231.16	246.12	244.46	232.82	252.78
80.33	77.56	234.48	244.46	244.46	234.48	252.78
80.88	78.11	232.82	244.46	246.12	236.15	254.44
80.88	77.56	217.85	229.49	246.12	217.85	231.16
80.88	77.56	217.85	229.49	247.79	226.17	232.82
80.33	78.11	217.85	232.82	247.79	216.19	222.84
61.49	60.94	199.56	209.54	211.20	204.55	211.20
60.94	62.05	197.90	211.20	214.53	206.21	214.53
61.49	62.60	202.89	209.54	211.20	209.54	214.53
62.05	62.60	201.22	211.20	211.20	206.21	214.53
60.94	61.49	204.55	206.21	209.54	201.22	212.86
60.94	61.49	199.56	206.21	209.54	207.88	207.88
59.83	61.49	196.23	207.88	209.54	202.89	209.54
59.83	61.49	224.51	232.82	209.54	221.18	232.82
80.88	80.88	236.15	242.80	244.46	231.16	242.80
80.33	78.11	236.15	241.13	249.45	229.49	246.12
79.78	78.11	231.16	244.46	242.80	234.48	244.46
81.44	79.78	232.82	246.12	246.12	234.48	249.45
80.88	79.22	234.48	246.12	242.80	232.82	249.45
80.33	78.67	227.83	244.46	241.13	231.16	241.13
80.33	79.22	229.49	241.13	239.47	237.81	246.12
80.88	79.22	231.16	247.79	251.11	236.15	241.13
81.44	79.22	231.16	242.80	251.11	234.48	241.13
81.44	79.78	229.49	244.46	252.78	237.81	242.80
81.99	79.78	231.16	244.46	252.78	234.48	247.79
81.44	78.67	229.49	241.13	251.11	239.47	249.45
81.99	79.22	232.82	244.46	254.44	241.13	247.79
79.78	78.67	231.16	244.46	249.45	241.13	252.78
80.33	78.67	231.16	244.46	251.11	241.13	254.44
59.83	59.28	212.86	221.18	229.49	244.46	227.83
60.39	60.94	196.23	197.90	209.54	227.83	226.17
60.39	59.83	192.91	197.90	207.88	227.83	226.17
60.39	59.83	192.91	199.56	202.89	227.83	227.83
60.39	59.28	187.92	199.56	201.22	226.17	226.17
59.83	59.83	191.24	196.23	201.22	222.84	222.84
59.83	60.39	187.92	197.90	197.90	221.18	224.51
59.28	58.17	204.55	216.19	197.90	219.52	222.84
68.14	77.01	227.83	241.13	247.79	224.51	247.79
80.88	80.33	231.16	239.47	241.13	237.81	247.79
81.44	80.33	232.82	246.12	247.79	239.47	252.78
81.44	79.78	231.16	251.11	246.12	239.47	251.11
81.44	80.33	234.48	251.11	251.11	237.81	254.44
81.44	80.88	226.17	229.49	251.11	241.13	252.78
81.99	80.88	226.17	236.15	251.11	237.81	251.11
81.99	81.44	224.51	241.13	252.78	234.48	252.78
81.99	80.88	227.83	237.81	247.79	234.48	249.45
81.44	80.33	232.82	241.13	246.12	234.48	246.12
81.99	79.78	236.15	242.80	249.45	234.48	249.45
81.99	79.78	236.15	242.80	249.45	236.15	249.45
81.99	79.78	217.85	246.12	247.79	234.48	254.44
82.55	80.33	176.28	246.12	247.79	234.48	256.10
81.99	79.78	172.95	247.79	249.45	239.47	257.76
82.55	80.88	177.94	249.45	251.11	237.81	256.10
82.55	80.88	143.02	214.53	251.11	229.49	259.43
79.22	67.03	118.07	214.53	247.79	206.21	257.76
79.78	68.70	0.00	221.18	247.79	207.88	261.09
79.78	68.70	0.00	244.46	251.11	232.82	259.43
79.78	68.70	1.00	242.80	249.45	232.82	261.09
79.78	69.80	3.00	239.47	249.45	227.83	259.43
79.78	69.25	1.00	241.13	246.12	229.49	256.10
79.78	68.70	0.00	241.13	244.46	229.49	259.43
78.67	67.59	0.00	241.13	242.80	229.49	257.76
79.22	68.70	1.00	239.47	244.46	229.49	257.76
78.67	67.59	0.00	237.81	249.45	234.48	252.78
78.67	67.59	1.00	237.81	247.79	236.15	251.11
79.22	68.14	0.00	242.80	247.79	236.15	256.10
79.22	68.14	1.00	241.13	249.45	232.82	249.45
72.57	58.72	0.00	229.49	237.81	227.83	242.80
73.68	63.16	0.00	226.17	234.48	224.51	246.12
73.68	62.60	0.00	226.17	234.48	226.17	244.46
73.68	62.60	1.00	227.83	232.82	226.17	244.46
74.24	64.26	0.00	229.49	232.82	226.17	246.12
73.68	63.16	0.00	227.83	236.15	231.16	251.11
75.34	77.56	1.00	242.80	256.10	227.83	249.45
79.22	78.67	0.00	247.79	264.42	241.13	252.78
80.33	79.22	0.00	249.45	259.43	202.89	257.76
79.78	79.22	0.00	249.45	264.42	201.22	247.79
79.22	69.80	1.00	249.45	259.43	197.90	251.11
77.56	69.25	0.00	247.79	259.43	207.88	251.11
78.11	69.25	0.00	251.11	261.09	207.88	252.78
78.67	69.80	1.00	249.45	261.09	204.55	252.78
78.67	70.36	0.00	247.79	261.09	204.55	252.78
78.67	69.25	0.00	246.12	259.43	201.22	251.11
78.67	70.36	0.00	244.46	261.09	202.89	251.11
79.22	70.36	1.00	244.46	261.09	201.22	251.11
78.67	69.80	0.00	242.80	259.43	197.90	246.12
77.56	69.25	0.00	241.13	261.09	217.85	247.79
77.56	68.70	1.00	239.47	257.76	221.18	242.80
77.01	68.70	0.00	241.13	259.43	224.51	249.45
77.56	68.70	0.00	242.80	257.76	224.51	262.75
78.67	69.25	1.00	246.12	259.43	224.51	256.10
78.11	69.25	0.00	247.79	249.45	221.18	254.44
78.11	69.25	1.00	244.46	252.78	221.18	249.45
78.67	69.80	1.00	247.79	251.11	222.84	256.10
78.67	69.80	3.00	242.80	251.11	221.18	254.44
79.22	70.36	1.00	244.46	252.78	221.18	256.10
78.67	69.80	0.00	246.12	252.78	224.51	256.10
79.22	70.36	0.00	246.12	251.11	221.18	259.43
79.22	70.36	1.00	246.12	252.78	216.19	257.76
79.22	70.36	1.00	244.46	252.78	234.48	256.10
79.22	70.36	1.00	236.15	244.46	237.81	257.76
79.22	69.80	0.00	237.81	244.46	239.47	259.43
78.67	70.91	0.00	222.84	229.49	242.80	259.43
78.67	69.80	0.00	222.84	229.49	242.80	259.43
79.22	69.25	0.00	224.51	234.48	242.80	257.76
79.22	70.36	1.00	224.51	232.82	241.13	257.76
79.22	70.36	1.00	237.81	246.12	239.47	257.76
78.67	69.80	1.00	237.81	242.80	237.81	257.76
78.67	70.36	1.00	234.48	241.13	236.15	254.44
79.22	68.14	1.00	236.15	237.81	234.48	257.76
78.67	70.36	1.00	236.15	239.47	234.48	259.43
78.11	69.80	0.00	237.81	241.13	237.81	254.44
78.11	69.80	0.00	237.81	241.13	234.48	259.43
78.11	69.25	1.00	237.81	239.47	236.15	256.10
78.67	70.36	1.00	241.13	242.80	234.48	252.78
78.67	70.36	0.00	241.13	244.46	239.47	249.45
79.22	70.36	0.00	241.13	244.46	239.47	249.45
79.22	70.36	0.00	242.80	244.46	239.47	256.10
78.67	69.80	0.00	242.80	246.12	241.13	256.10
79.78	70.36	1.00	241.13	246.12	239.47	254.44
79.22	70.91	1.00	242.80	247.79	237.81	254.44
80.33	79.78	0.00	254.44	257.76	249.45	252.78
80.33	79.78	1.00	252.78	254.44	246.12	254.44
80.33	79.78	3.00	246.12	256.10	246.12	254.44
80.33	79.78	0.00	244.46	256.10	244.46	257.76
72.57	70.36	1.00	236.15	246.12	247.79	256.10
69.25	68.70	0.00	234.48	246.12	247.79	254.44
69.25	69.25	0.00	236.15	244.46	247.79	256.10
69.25	69.25	0.00	236.15	246.12	247.79	257.76
69.25	68.70	0.00	234.48	244.46	247.79	256.10
68.70	68.70	1.00	236.15	242.80	242.80	252.78
68.70	68.14	0.00	231.16	242.80	242.80	252.78
68.14	68.14	0.00	234.48	241.13	252.78	261.09
78.67	79.22	23.00	246.12	254.44	256.10	261.09
78.67	79.78	51.00	239.47	252.78	256.10	257.76
79.22	79.78	64.00	242.80	252.78	256.10	271.07
78.67	79.22	134.00	242.80	256.10	252.78	264.42
79.22	79.22	156.00	244.46	257.76	252.78	261.09
79.78	79.78	166.00	246.12	252.78	252.78	254.44
79.22	79.78	224.00	241.13	249.45	254.44	256.10
78.67	79.22	219.00	241.13	247.79	249.45	254.44
78.67	79.22	217.00	241.13	249.45	252.78	254.44
79.22	79.22	211.00	241.13	249.45	252.78	256.10
78.67	78.67	216.00	239.47	251.11	249.45	256.10
78.67	78.67	212.00	244.46	251.11	249.45	254.44
78.67	79.22	216.00	241.13	247.79	247.79	254.44
78.67	78.67	212.00	239.47	249.45	252.78	256.10
78.67	79.22	219.00	241.13	251.11	242.80	252.78
60.94	62.60	197.00	234.48	231.16	217.85	221.18
60.94	62.05	196.00	232.82	234.48	221.18	221.18
60.39	61.49	194.00	204.55	194.57	221.18	221.18
60.39	62.05	197.90	199.56	189.58	219.52	222.84
60.94	60.94	196.23	202.89	192.91	219.52	224.51
60.39	61.49	201.22	201.22	191.24	216.19	226.17
60.39	60.94	197.90	199.56	191.24	217.85	224.51
60.94	62.60	196.23	197.90	184.59	219.52	222.84
60.39	60.94	199.56	199.56	189.58	217.85	221.18
60.94	61.49	199.56	229.49	222.84	217.85	221.18
80.33	77.56	227.83	246.12	214.53	232.82	236.15
80.33	77.56	229.49	244.46	211.20	232.82	231.16
81.44	78.11	234.48	246.12	216.19	236.15	231.16
80.88	77.56	227.83	244.46	216.19	231.16	231.16
81.44	78.11	229.49	246.12	216.19	234.48	234.48
81.99	78.67	216.19	246.12	199.56	236.15	234.48
81.99	78.67	216.19	247.79	197.90	237.81	236.15
81.99	78.67	189.58	229.49	196.23	196.23	204.55
81.99	78.67	187.92	229.49	201.22	197.90	212.86
81.99	78.67	192.91	234.48	199.56	199.56	209.54
81.99	78.67	226.17	244.46	194.57	244.46	259.43
81.99	78.67	239.47	246.12	196.23	246.12	259.43
74.24	77.56	224.51	232.82	197.90	244.46	252.78
74.79	78.11	227.83	232.82	197.90	244.46	254.44
75.90	78.67	227.83	231.16	196.23	221.18	229.49
59.83	61.49	184.59	187.92	197.90	221.18	231.16
59.28	60.94	192.91	189.58	201.22	224.51	231.16
59.83	61.49	192.91	189.58	199.56	219.52	231.16
59.28	60.94	181.27	181.27	179.60	211.20	226.17
59.83	60.94	179.60	181.27	176.28	211.20	224.51
59.28	60.94	182.93	181.27	181.27	211.20	226.17
59.83	60.39	197.90	169.63	181.27	209.54	222.84
59.28	60.39	232.82	199.56	176.28	209.54	226.17
58.17	60.39	234.48	199.56	174.62	211.20	224.51
58.72	60.39	234.48	227.83	182.93	226.17	227.83
75.90	76.45	231.16	247.79	176.28	247.79	242.80
78.67	79.22	236.15	251.11	184.59	244.46	239.47
78.11	78.67	227.83	249.45	177.94	246.12	242.80
79.22	78.67	232.82	251.11	176.28	244.46	241.13
79.78	78.67	232.82	249.45	172.95	242.80	241.13
78.67	78.11	237.81	246.12	176.28	241.13	239.47
79.78	79.78	232.82	251.11	174.62	246.12	247.79
79.22	79.22	201.22	249.45	176.28	214.53	214.53
79.78	79.78	201.22	246.12	176.28	207.88	212.86
78.67	80.33	202.89	247.79	179.60	212.86	212.86
79.22	79.78	214.53	246.12	184.59	226.17	236.15
79.22	79.78	236.15	246.12	181.27	247.79	244.46
79.22	80.33	239.47	246.12	177.94	246.12	246.12
64.26	62.60	227.83	209.54	179.60	224.51	219.52
60.39	60.94	197.90	207.88	177.94	211.20	216.19
59.83	60.94	197.90	207.88	179.60	212.86	214.53
59.83	59.28	194.57	202.89	174.62	212.86	217.85
59.83	58.72	194.57	197.90	174.62	211.20	216.19
59.83	60.39	192.91	197.90	177.94	214.53	217.85
59.83	60.39	191.24	199.56	172.95	209.54	217.85
59.83	59.83	192.91	201.22	169.63	209.54	219.52
59.28	59.28	206.21	231.16	176.28	212.86	217.85
59.28	59.83	222.84	231.16	172.95	211.20	217.85
77.56	78.67	229.49	244.46	176.28	244.46	244.46
78.11	78.67	224.51	244.46	169.63	244.46	241.13
78.11	78.67	227.83	244.46	181.27	241.13	246.12
78.11	78.67	209.54	232.82	177.94	236.15	224.51
78.67	79.78	202.89	227.83	196.23	236.15	226.17
79.22	79.78	206.21	224.51	202.89	234.48	226.17
79.22	80.33	201.22	226.17	197.90	234.48	222.84
79.22	80.33	206.21	226.17	202.89	232.82	224.51
77.01	60.94	191.24	204.55	202.89	211.20	224.51
77.01	60.94	191.24	202.89	201.22	211.20	219.52
76.45	60.94	192.91	202.89	202.89	209.54	222.84
77.01	60.94	229.49	232.82	232.82	244.46	239.47
76.45	59.28	231.16	234.48	234.48	244.46	237.81
77.01	57.62	231.16	231.16	237.81	196.23	241.13
60.94	51.52	214.53	214.53	236.15	171.29	239.47
79.78	46.54	231.16	241.13	242.80	0.00	256.10
59.83	39.89	224.51	226.17	239.47	0.00	254.44
62.05	0.00	229.49	237.81	241.13	0.00	256.10
69.80	0.00	232.82	241.13	241.13	1.00	261.09
69.80	0.00	239.47	241.13	241.13	0.00	256.10
69.80	0.00	236.15	241.13	242.80	1.00	259.43
70.91	0.00	237.81	239.47	246.12	0.00	262.75
69.25	0.00	237.81	232.82	247.79	1.00	261.09
69.25	0.00	237.81	234.48	247.79	0.00	259.43
68.70	0.00	234.48	234.48	246.12	0.00	259.43
68.14	0.00	232.82	234.48	249.45	0.00	259.43
68.14	0.00	229.49	237.81	249.45	0.00	261.09
68.14	0.00	231.16	237.81	246.12	0.00	259.43
68.14	0.00	224.51	239.47	242.80	1.00	262.75
68.14	0.00	226.17	241.13	242.80	1.00	261.09
69.80	0.00	231.16	241.13	246.12	0.00	262.75
69.80	0.00	232.82	244.46	242.80	0.00	262.75
70.36	0.00	234.48	247.79	244.46	0.00	264.42
70.36	0.00	224.51	237.81	246.12	0.00	262.75
70.36	0.00	226.17	237.81	244.46	4.00	266.08
69.25	0.00	222.84	236.15	237.81	0.00	264.42
70.36	0.00	227.83	236.15	244.46	0.00	264.42
70.36	0.00	229.49	241.13	246.12	0.00	264.42
69.80	0.00	224.51	239.47	247.79	0.00	262.75
69.80	0.00	222.84	234.48	244.46	1.00	262.75
70.36	0.00	226.17	237.81	244.46	0.00	264.42
69.80	0.00	224.51	236.15	234.48	3.33	259.43
70.36	0.00	224.51	237.81	234.48	0.00	261.09
70.36	0.00	229.49	236.15	236.15	0.00	264.42
70.36	0.00	221.18	237.81	239.47	0.00	266.08
69.80	0.00	234.48	239.47	241.13	0.00	267.74
69.80	0.00	229.49	236.15	237.81	1.66	266.08
70.36	0.00	236.15	239.47	239.47	0.00	264.42
69.25	0.00	234.48	242.80	241.13	0.00	267.74
69.25	0.00	231.16	239.47	242.80	0.00	269.41
68.70	0.00	232.82	241.13	237.81	1.66	266.08
69.25	0.00	231.16	241.13	241.13	0.00	264.42
69.25	0.00	236.15	241.13	241.13	0.00	262.75
69.80	0.00	227.83	241.13	242.80	0.00	266.08
70.36	0.00	229.49	242.80	242.80	0.00	264.42
70.36	0.00	224.51	242.80	241.13	1.66	264.42
69.80	0.00	227.83	241.13	241.13	0.00	264.42
69.80	0.00	236.15	251.11	252.78	0.00	264.42
69.80	0.00	234.48	254.44	256.10	1.66	264.42
69.80	0.00	237.81	252.78	256.10	1.66	266.08
69.80	0.00	234.48	252.78	256.10	1.66	266.08
69.80	0.00	239.47	254.44	257.76	1.66	229.49
69.80	0.00	236.15	251.11	254.44	1.66	226.17
69.25	0.00	237.81	246.12	256.10	0.00	227.83
69.25	0.00	239.47	247.79	257.76	1.66	227.83
