-2.80	446.00
-3.20	422.00
-3.20	418.00
-3.60	407.00
-4.00	398.00
-4.00	385.00
-4.40	379.00
-5.20	372.00
-5.60	418.00
-5.60	468.00
-6.00	461.00
-6.40	454.00
-5.60	447.00
-5.20	436.00
-4.80	447.00
-4.40	446.00
-3.60	444.00
-3.60	445.00
-2.80	449.00
-2.40	459.00
-2.40	457.00
-2.00	457.00
-2.00	448.00
-3.50	443.00
-3.50	443.00
-3.80	426.00
-4.10	421.00
-4.60	418.00
-5.20	420.00
-5.10	414.00
-5.10	450.00
-5.10	476.00
-5.10	473.00
-4.20	467.00
-3.00	467.00
-2.30	461.00
-0.80	462.00
-0.80	461.00
-0.80	463.00
-1.60	462.00
-2.00	462.00
-2.80	462.00
-2.40	462.00
-2.40	462.00
-3.20	462.00
-4.40	462.00
-5.20	439.00
-6.90	422.00
-8.40	430.00
-9.60	432.00
-10.80	435.00
-11.30	433.00
-12.80	431.00
-13.10	420.00
-13.30	453.00
-13.30	481.00
-14.10	481.00
-14.00	485.00
-12.70	499.00
-12.00	499.00
-11.30	444.00
-10.80	444.00
-10.10	446.00
-10.50	450.00
-11.00	451.00
-12.00	453.00
-12.40	452.00
-12.90	447.00
-14.00	445.00
-14.50	451.00
-15.00	457.00
-15.30	413.00
-15.80	414.00
-16.00	412.00
-16.10	408.00
-16.30	406.00
-16.50	396.00
-16.60	371.00
-12.40	400.00
-12.80	431.00
-12.80	431.00
-11.60	440.00
-10.80	450.00
-8.80	453.00
-8.40	454.00
-7.20	454.00
-6.80	453.00
-6.80	444.00
-7.20	437.00
-7.20	435.00
-6.80	433.00
-6.80	437.00
-6.40	438.00
-6.40	441.00
-6.00	441.00
-7.00	406.00
-6.60	398.00
-6.50	394.00
-6.30	394.00
-6.10	382.00
-6.00	373.00
-5.80	353.00
-5.60	343.00
-5.30	389.00
-5.00	459.00
-4.30	468.00
-3.80	469.00
-3.50	466.00
-2.70	465.00
-2.30	456.00
-2.00	453.00
-1.30	454.00
-1.00	457.00
-1.00	459.00
-0.90	459.00
-0.50	457.00
-0.40	459.00
-0.30	459.00
-0.30	475.00
0.00	442.00
0.20	414.00
0.30	404.00
0.30	400.00
0.50	398.00
0.60	393.00
0.70	382.00
0.60	397.00
0.60	434.00
0.60	453.00
1.00	439.00
1.30	451.00
1.30	448.00
1.20	447.00
1.30	448.00
1.20	449.00
1.00	449.00
0.30	447.00
0.00	449.00
0.80	448.00
0.40	448.00
0.40	448.00
-0.40	448.00
-0.80	455.00
-2.00	415.00
-2.30	401.00
-2.70	404.00
-2.90	404.00
-3.20	402.00
-3.40	398.00
-3.60	394.00
-3.60	392.00
-3.80	391.00
-3.90	397.00
-3.70	391.00
-3.40	391.00
-2.70	401.00
-2.60	413.00
-2.00	413.00
-2.10	413.00
-2.30	419.00
-2.60	419.00
-3.30	460.00
-3.40	476.00
-3.50	470.00
-3.40	466.00
-3.50	440.00
-3.50	420.00
-3.60	415.00
-3.70	411.00
-3.80	402.00
-3.80	399.00
-4.60	392.00
-5.30	394.00
-5.10	397.00
-4.00	393.00
-3.60	393.00
-3.20	394.00
-2.80	398.00
-2.80	396.00
-2.40	406.00
-2.40	406.00
-1.60	411.00
-2.00	411.00
-1.60	419.00
-2.00	431.00
-2.80	472.00
-3.60	474.00
-3.60	480.00
-4.40	481.00
-4.80	481.00
-5.20	442.00
-5.20	442.00
-5.20	441.00
-5.60	438.00
-6.40	440.00
-6.80	442.00
-6.80	426.00
-7.60	426.00
-7.60	412.00
-7.60	462.00
-6.40	478.00
-6.00	470.00
-5.60	466.00
-4.80	466.00
-4.80	469.00
-4.40	468.00
-5.60	468.00
-5.20	468.00
-5.20	468.00
-5.60	468.00
-5.60	473.00
-5.20	477.00
-5.60	477.00
-6.40	456.00
-6.00	428.00
-6.00	433.00
-6.00	431.00
-6.00	425.00
-6.00	424.00
-5.60	425.00
-5.60	434.00
-5.60	427.00
-5.60	418.00
-5.20	416.00
-5.60	455.00
-4.80	480.00
-4.00	473.00
-2.80	474.00
-2.00	472.00
-2.00	472.00
-2.00	471.00
-2.40	471.00
-2.80	472.00
-3.20	472.00
-3.20	471.00
-3.20	471.00
-4.00	470.00
-4.40	471.00
-5.20	442.00
-6.00	429.00
-6.40	429.00
-7.20	435.00
-7.60	439.00
-8.40	442.00
-9.20	436.00
-9.20	429.00
-10.00	451.00
-10.40	495.00
-10.40	497.00
-10.40	504.00
-9.60	452.00
-9.60	447.00
-8.80	445.00
-8.80	442.00
-9.20	429.00
-10.40	423.00
-10.40	420.00
-10.80	430.00
-10.80	431.00
-11.20	433.00
-11.20	432.00
-11.60	432.00
-11.60	384.00
-12.00	388.00
-12.00	391.00
-12.40	384.00
-12.80	384.00
-13.20	378.00
-13.20	372.00
-14.00	362.00
-14.80	362.00
-15.20	388.00
-14.00	412.00
-13.60	392.00
-12.80	380.00
-11.60	396.00
-10.80	393.00
-10.40	385.00
-10.00	380.00
-9.60	352.00
-10.00	345.00
-11.60	335.00
-12.80	348.00
-13.20	385.00
-13.60	406.00
-14.00	421.00
-14.00	389.00
-15.60	396.00
-16.40	388.00
-16.80	387.00
-17.60	387.00
-18.00	382.00
-18.80	375.00
-18.80	360.00
-19.20	367.00
-19.60	400.00
-19.60	414.00
-18.40	421.00
-17.20	430.00
-15.60	429.00
-14.40	430.00
-13.20	429.00
-12.40	433.00
-12.40	430.00
-12.40	380.00
-13.20	379.00
-14.80	380.00
-16.00	392.00
-16.00	445.00
-17.20	447.00
-18.00	420.00
-18.40	442.00
-18.80	504.00
-18.40	490.00
-18.00	492.00
-17.60	495.00
-17.20	500.00
-17.60	506.00
-18.00	488.00
-18.40	487.00
-17.20	491.00
-13.20	491.00
-11.20	491.00
-9.20	496.00
-7.60	501.00
-6.80	501.00
-6.40	501.00
-7.20	501.00
-8.00	508.00
-9.60	529.00
-10.80	536.00
-13.60	536.00
-13.60	536.00
-14.00	536.00
-14.40	500.00
-15.60	498.00
-15.60	497.00
-15.60	498.00
-16.80	494.00
-17.20	492.00
-17.20	486.00
-17.60	480.00
-18.00	476.00
-18.00	474.00
-17.60	473.00
-15.20	471.00
-12.80	477.00
-10.00	479.00
-8.00	479.00
-6.40	485.00
-5.60	485.00
-4.40	492.00
-5.60	496.00
-7.60	497.00
-7.60	511.00
-6.80	510.00
-6.80	510.00
-7.20	510.00
-6.40	511.00
-6.40	494.00
-6.40	492.00
-6.80	490.00
-6.00	495.00
-6.00	492.00
-5.60	481.00
-5.60	469.00
-5.20	481.00
-5.20	494.00
-4.80	505.00
-3.60	506.00
-3.20	506.00
-2.40	485.00
-1.60	485.00
-1.20	486.00
-2.00	478.00
-2.80	475.00
-3.20	475.00
-3.20	485.00
-3.20	480.00
-2.80	478.00
-2.80	481.00
-2.80	483.00
-2.80	470.00
-4.80	443.00
-5.00	445.00
-5.00	442.00
-5.50	441.00
-6.10	443.00
-6.70	441.00
-7.30	431.00
-7.20	440.00
-8.40	474.00
-8.80	483.00
-9.20	483.00
-8.40	491.00
-9.20	495.00
-9.60	497.00
-9.60	493.00
-8.80	495.00
-9.20	505.00
-9.60	520.00
-10.40	522.00
-10.80	533.00
-10.80	537.00
-11.20	525.00
-12.00	525.00
-12.00	465.00
-12.00	414.00
-12.00	428.00
-12.40	429.00
-12.40	428.00
-13.20	425.00
-13.20	415.00
-13.20	404.00
-13.20	396.00
-14.00	395.00
-13.60	413.00
-13.20	405.00
-11.20	420.00
-10.00	424.00
-9.20	433.00
-8.40	482.00
-9.20	477.00
-9.60	471.00
-10.00	470.00
-11.20	470.00
-12.00	470.00
-12.80	470.00
-14.00	462.00
-14.40	465.00
-15.20	415.00
-15.20	398.00
-15.10	403.00
-15.00	406.00
-15.00	406.00
-15.70	407.00
-16.10	399.00
-16.00	382.00
-16.50	390.00
-17.00	423.00
-17.90	420.00
-16.50	426.00
-16.10	435.00
-15.10	437.00
-14.00	433.00
-13.20	425.00
-11.80	426.00
-12.10	422.00
-13.20	421.00
-12.90	420.00
-13.90	425.00
-15.30	431.00
-15.50	431.00
-16.00	443.00
-16.50	429.00
-17.00	411.00
-18.30	425.00
-19.50	427.00
-20.00	426.00
-20.60	406.00
-21.00	397.00
-21.30	397.00
-20.80	409.00
-21.20	438.00
-20.80	434.00
-19.20	436.00
-17.20	445.00
-14.00	451.00
-12.00	444.00
-11.60	445.00
-10.80	440.00
-10.40	435.00
-10.40	434.00
-11.20	433.00
-13.60	430.00
-15.20	426.00
-16.00	430.00
-15.60	440.00
-13.60	445.00
-12.40	443.00
-11.60	446.00
-10.80	422.00
-10.40	418.00
-10.80	407.00
-10.00	398.00
-9.60	385.00
-9.20	379.00
-9.20	372.00
-8.40	418.00
-6.80	468.00
-5.20	461.00
-4.40	454.00
-3.60	447.00
-1.60	436.00
-1.60	447.00
-2.40	446.00
-2.80	444.00
-2.80	445.00
-3.20	449.00
-3.20	459.00
-3.60	457.00
-3.20	457.00
-3.60	448.00
-4.80	443.00
-4.50	441.00
-4.30	441.00
-4.20	441.00
-4.00	438.00
-3.90	424.00
-3.80	418.00
-3.40	423.00
-3.00	428.00
-3.40	424.00
-3.00	408.00
-2.40	407.00
-1.50	405.00
-0.90	408.00
0.20	408.00
0.60	408.00
0.60	409.00
-0.20	411.00
-0.50	411.00
0.40	415.00
-0.40	418.00
-0.80	420.00
-0.80	424.00
-1.60	429.00
-4.40	426.00
-4.70	422.00
-5.00	424.00
-5.10	421.00
-6.30	421.00
-6.70	421.00
-6.50	411.00
-6.30	408.00
-5.80	409.00
-5.40	409.00
-4.50	408.00
-4.00	409.00
-3.50	427.00
-2.90	426.00
-2.70	427.00
-2.10	429.00
-2.10	430.00
-2.30	430.00
-2.30	430.00
-2.40	440.00
-2.40	441.00
-2.40	441.00
-2.40	441.00
-2.40	435.00
-2.10	423.00
-2.10	427.00
-2.50	432.00
-2.50	430.00
-2.70	427.00
-2.70	421.00
-2.10	415.00
-0.40	422.00
0.00	428.00
-0.40	428.00
0.00	436.00
0.00	449.00
0.80	461.00
0.00	470.00
0.00	471.00
0.00	461.00
0.40	454.00
0.00	454.00
0.00	454.00
0.40	452.00
0.40	453.00
0.40	453.00
0.00	428.00
0.00	423.00
-0.40	420.00
-0.80	410.00
-0.40	410.00
0.00	411.00
0.00	410.00
-0.80	408.00
-1.20	403.00
-0.80	398.00
-0.80	425.00
0.00	440.00
0.00	441.00
0.80	440.00
0.80	440.00
0.80	438.00
1.20	429.00
0.80	405.00
1.20	398.00
0.80	398.00
0.80	422.00
0.80	446.00
0.80	442.00
0.40	432.00
0.00	432.00
-0.80	424.00
-1.20	408.00
-1.20	410.00
-1.60	393.00
-1.60	391.00
-1.60	393.00
-1.20	395.00
-0.40	399.00
0.00	395.00
-0.40	397.00
-0.40	418.00
0.40	438.00
0.40	437.00
0.80	436.00
1.20	436.00
2.40	437.00
2.00	439.00
2.00	422.00
2.00	404.00
2.40	406.00
1.60	407.00
1.60	435.00
1.20	439.00
1.20	434.00
1.60	382.00
1.60	399.00
1.20	399.00
1.60	394.00
1.60	394.00
1.60	394.00
1.20	384.00
1.20	384.00
1.20	396.00
1.20	415.00
1.20	427.00
1.20	428.00
2.00	423.00
2.40	412.00
2.40	413.00
2.80	413.00
2.80	413.00
2.80	398.00
2.80	385.00
2.80	385.00
2.40	422.00
2.40	434.00
2.00	429.00
2.40	417.00
2.00	392.00
1.60	385.00
2.00	381.00
2.80	372.00
3.20	372.00
2.80	371.00
3.20	368.00
3.20	366.00
3.60	363.00
3.60	358.00
3.20	357.00
3.20	358.00
3.60	360.00
3.20	364.00
3.60	370.00
3.60	371.00
4.00	372.00
4.00	372.00
3.20	368.00
3.20	368.00
3.20	368.00
3.20	367.00
3.20	367.00
3.20	367.00
3.20	367.00
3.20	368.00
2.40	367.00
2.40	365.00
2.40	366.00
2.00	364.00
2.00	360.00
2.00	360.00
2.00	358.00
2.00	359.00
2.00	359.00
2.40	359.00
2.80	359.00
2.80	361.00
3.20	361.00
3.20	368.00
3.20	373.00
4.00	375.00
3.60	382.00
3.20	389.00
2.80	389.00
2.40	389.00
2.80	384.00
2.40	382.00
2.40	387.00
-0.10	390.00
