35250 3 10 0
17625 4 9 0
11750 2 5 0
21150 1 8 0
94000 1 34 7
11750 6 12 5
36425 1 6 0
41125 0 29 0
11750 0 5 1
11750 1 6 3
32900 1 8 1
32900 1 9 0
18800 1 13 4
11750 1 1 0
28809 1 33 0
21150 4 5 4
45825 0 21 0
19975 4 22 0
23500 3 43 3
56400 1 3 1
35250 5 7 0
30093 2 5 0
35250 2 2 0
14115 0 0 0
14115 1 16 0
8228 2 3 0
8228 2 2 0
8228 1 3 0
16109 1 5 0
58750 1 22 0
9983 1 7 0
12332 1 3 0
16450 1 7 0
8229 1 2 0
14539 1 3 0
14539 1 2 0
14539 1 8 0
10904 1 3 0
10905 1 4 3
10904 1 4 0
7407 1 3 0
10904 1 3 0
41666 1 7 0
70500 3 11 0
70500 1 8 0
33497 1 7 0
18513 1 2 0
18513 2 4 0
33098 1 1 0
31055 0 3 0
69325 0 3 0
32902 0 3 0
11750 2 11 0
14345 2 13 0
18682 1 0 0
11750 1 8 0
11750 1 10 0
26748 1 6 0
24772 1 0 0
20890 1 0 0
31880 4 4 0
11750 1 0 0
11750 2 0 0
63813 2 17 0
11750 1 0 0
12085 1 0 0
11750 2 6 0
11750 1 0 0
51366 1 0 0
11750 1 0 1
27515 3 4 0
11750 1 0 0
11750 1 0 1
39202 1 2 0
18037 6 17 0
47004 1 6 0
13250 1 0 0
33420 2 7 0
18244 1 2 0
14554 1 4 0
37822 1 0 0
20802 1 10 0
11750 1 2 0
11750 4 1 0
11750 1 4 0
11750 1 0 0
26222 1 16 0
11750 1 1 0
12925 7 2 0
11750 3 5 0
46539 1 16 0
11750 0 9 0
21503 3 1 0
25028 2 10 0
39950 0 26 0
18095 1 8 0
47000 3 13 0
64625 11 3 0
20034 0 7 1
20033 0 5 0
20034 0 5 0
19270 1 27 0
90475 2 9 1
23500 1 5 1
28082 1 10 3
27847 2 3 0
16568 1 3 0
54638 3 11 0
19388 1 5 0
47822 1 3 0
19975 1 9 0
11750 1 4 2
12925 1 0 0
22208 1 19 0
34075 3 4 0
29375 1 2 0
23030 1 8 0
11750 1 12 0
23500 0 1 0
41360 1 0 0
12102 1 4 0
11750 4 23 0
17625 1 4 0
31255 1 0 0
13748 1 1 0
11750 1 0 0
37012 0 0 0
17625 1 3 0
66505 0 1 0
12455 4 11 1
17123 0 0 0
23500 2 17 0
23500 0 2 0
17625 1 15 0
23500 1 6 0
17625 2 8 0
29375 4 3 0
23500 1 12 0
17625 1 3 0
17625 1 5 0
17625 0 3 0
23500 0 3 0
29375 0 8 0
23500 0 9 0
11750 11 12 0
11750 3 5 0
29375 0 2 0
23500 1 7 0
23500 0 1 0
23500 0 0 0
29375 3 3 0
11750 1 2 0
29375 3 0 0
17625 2 2 0
23500 1 3 0
23500 2 7 0
29576 0 3 1
11750 0 7 0
16450 1 2 0
11750 0 1 0
35250 1 8 2
11750 1 2 0
35250 1 11 0
59402 1 14 0
30550 1 5 0
45237 5 20 1
32900 2 15 0
88125 1 15 0
70500 4 10 5
88125 2 9 1
30561 4 12 1
28226 1 3 0
19181 1 7 0
34074 3 2 0
31726 1 0 0
11750 3 2 0
12924 1 10 3
11750 1 1 0
11750 3 7 0
15274 1 7 0
92233 4 0 0
11750 5 10 0
12932 2 1 2
92233 5 0 0
21150 1 7 1
46060 3 2 0
16450 1 2 0
11750 1 2 0
25850 1 10 1
11750 2 2 0
14100 2 11 3
11750 1 3 0
10524 1 0 0
23500 5 14 6
70500 2 17 2
17631 1 20 2
29375 0 2 3
64625 1 4 0
199750 3 3 2
58750 3 5 0
99875 2 22 0
176250 2 10 2
27025 3 62 0
13247 3 116 0
16450 2 24 0
352500 49 143 0
11750 4 65 0
21150 0 2 0
23500 2 6 0
11750 5 51 0
16450 1 22 0
16450 1 19 0
35250 4 33 0
21737 0 16 0
16456 1 5 0
14100 1 1 0
14100 1 1 0
12926 1 1 0
11750 1 1 0
123373 1 7 0
23500 0 4 0
25850 1 2 0
19975 2 0 0
28200 1 2 0
27025 1 2 0
19975 1 4 0
19975 1 2 0
23500 1 0 0
103400 0 3 0
109275 0 4 0
17625 1 0 0
25850 1 4 0
23500 1 4 0
47000 0 4 0
27025 1 1 0
47000 0 1 0
23500 1 4 0
70500 0 3 0
55225 1 4 0
28200 1 0 0
35250 1 2 0
25850 1 2 0
63450 0 4 0
17625 0 0 0
49350 1 2 0
25850 0 3 0
58750 1 1 0
43475 1 2 0
54050 0 1 2
31725 1 1 0
24675 0 8 0
29375 0 4 0
29375 1 3 0
29375 1 0 0
27025 1 3 0
50525 0 4 0
15275 1 4 0
64625 0 11 0
91650 0 4 0
32900 0 1 0
17625 1 6 0
29375 1 4 0
49350 0 1 0
58750 0 8 0
47000 1 1 0
24511 1 5 0
39950 1 1 0
15510 1 9 0
15510 0 2 0
14100 1 3 0
15510 0 5 2
15510 0 2 0
12749 2 9 0
15510 0 5 0
15510 0 3 0
21130 1 18 0
32868 0 18 0
37325 3 13 0
45794 1 14 0
23391 0 7 0
16447 1 6 0
23495 0 16 0
24623 0 19 0
91578 1 14 0
24338 2 3 0
16648 0 5 0
23370 3 16 0
51450 1 12 0
24544 1 11 0
16364 0 9 0
19922 0 11 0
15958 1 4 0
31717 0 12 0
11661 1 12 0
21125 0 17 0
17992 3 47 1
49212 0 13 0
14095 1 9 0
11750 0 9 0
31664 0 16 0
34073 0 8 0
21937 0 15 0
58714 0 34 0
31523 0 25 0
33920 0 6 0
15109 0 15 0
28143 0 20 0
25834 0 14 0
42280 0 18 0
11739 0 3 0
21150 3 12 0
22326 2 3 0
17004 2 9 0
30420 3 26 0
30585 0 5 0
39313 0 2 0
11743 0 4 0
11725 1 44 0
11702 0 10 0
21117 0 5 0
11745 0 23 0
12904 2 3 0
49541 4 24 0
12585 1 14 0
14757 1 9 0
25783 2 35 0
11746 1 0 0
11746 2 27 0
11745 1 11 0
32895 2 12 0
11742 3 10 0
36730 2 3 0
22874 5 9 0
11744 0 7 0
11740 0 2 0
12623 1 1 0
40028 0 3 0
29760 0 4 0
45111 0 16 0
11671 0 5 0
11746 1 9 0
12562 0 0 0
11742 1 29 0
11742 2 18 0
11696 0 18 0
11752 0 6 0
18797 0 4 0
170260 2 31 4
31688 1 14 0
24675 1 6 0
11750 0 4 0
156968 1 45 1
46116 1 4 0
13424 1 3 0
29334 0 2 0
11790 4 7 0
31032 5 2 0
22165 3 10 0
41100 1 3 1
11750 0 3 0
23500 0 2 0
47000 0 14 2
16700 0 33 0
54000 0 6 0
63400 2 38 0
43500 8 0 0
41100 1 18 0
14197 0 2 1
27026 1 17 0
24700 0 17 0
23500 2 11 2
52900 1 8 0
23500 2 10 0
51700 1 5 0
11750 4 5 0
16897 3 3 2
12913 0 8 2
12913 1 5 1
12913 2 15 1
12913 0 7 1
16897 2 5 0
17133 0 3 2
149422 3 14 1
23475 1 7 0
35378 2 24 0
23475 1 10 0
29426 1 3 0
35378 3 12 0
23475 1 9 0
46943 2 24 2
46943 1 14 1
46943 3 12 0
30240 0 1 0
35378 2 5 0
13944 0 1 0
46943 2 3 0
13944 0 2 0
14101 5 0 0
82250 2 2 2
14687 1 0 0
13279 1 2 0
14687 1 2 0
34075 1 9 0
51700 2 5 0
11750 1 4 0
11750 1 0 0
47000 1 0 0
52875 3 3 0
23500 1 3 0
35250 1 5 0
16450 2 2 0
47000 1 1 0
149578 0 7 0
14100 1 5 0
11750 1 2 0
96350 1 3 0
31255 1 1 0
11750 1 0 0
11750 1 3 0
28200 1 7 0
11750 1 11 0
11750 1 0 0
23500 1 8 0
27025 1 2 0
15275 1 0 0
30550 3 2 0
70500 2 2 0
58750 1 10 0
58750 1 6 1
42300 1 4 0
58750 3 22 0
6793 0 0 0
117500 2 2 0
29375 1 6 0
29375 1 3 0
52875 1 0 0
23500 1 4 0
29375 2 2 0
52875 2 3 0
52875 2 5 0
52875 1 8 0
29375 1 1 0
23500 2 5 0
35250 1 2 0
23500 2 4 0
189617 1 3 0
23500 1 1 0
29375 2 3 0
23500 1 4 0
117500 2 7 0
117500 3 2 0
64625 1 2 0
68716 3 15 0
51134 1 8 0
39950 3 9 0
39950 2 4 0
16450 3 2 0
15510 3 23 0
15276 3 4 0
11750 4 4 0
70500 3 4 0
112152 3 5 0
13024 3 7 0
204136 4 14 0
49350 3 6 6
35250 6 0 0
25850 4 2 0
11904 4 13 0
11903 4 4 0
19387 3 1 0
11994 5 0 0
19387 5 8 0
135246 5 8 0
70500 4 6 0
35249 4 4 0
17600 1 6 3
11800 0 11 0
10500 2 6 5
29070 0 8 0
10600 0 5 0
25378 1 17 0
24191 0 26 0
71922 1 8 1
119585 1 2 0
57778 1 36 1
93340 0 4 0
18216 3 2 0
30076 0 16 0
24191 0 9 0
60606 0 1 0
119586 1 15 4
51742 0 6 0
69022 3 33 2
30076 2 2 0
80493 1 1 0
91964 1 1 0
115004 1 1 0
51742 1 13 1
125469 6 19 0
51742 0 1 0
115004 6 19 0
40272 0 0 0
34512 0 3 0
45982 0 36 0
17169 0 0 0
32537 0 1 0
115816 0 2 0
31593 2 6 0
27875 0 4 0
45327 0 9 0
145210 2 1 0
68726 0 35 0
62315 1 5 0
54817 0 7 1
98319 0 6 0
33777 1 16 0
16235 0 0 0
46337 0 2 0
12925 1 2 0
17428 1 0 0
12925 1 12 0
17625 0 7 0
13291 0 0 0
25850 0 0 0
15428 1 1 0
76767 0 4 1
34913 0 3 0
32312 1 1 0
34882 0 0 0
12925 1 1 0
23500 1 5 0
99875 0 3 0
94000 0 6 0
18800 1 0 0
176250 1 2 0
23500 1 2 0
23500 2 3 0
117500 0 10 2
23500 0 3 0
14100 0 0 0
176250 0 0 0
88125 2 4 0
94000 1 4 0
82250 0 3 0
35250 1 3 0
117500 1 1 0
53134 1 2 0
141000 1 2 0
23500 1 1 0
111625 0 5 2
35250 1 3 0
36425 1 4 1
42300 1 6 0
37600 1 3 0
42300 1 26 0
42300 2 2 0
42300 3 5 0
21150 1 4 0
24675 0 5 0
17625 1 10 0
17625 3 0 0
17625 1 3 0
17625 2 5 0
12925 0 2 0
11750 1 0 0
11750 2 2 0
24675 2 6 0
17625 3 3 0
94000 1 4 3
94000 1 3 0
21150 0 3 0
25850 9 0 0
25850 1 0 0
88125 0 0 0
11750 0 2 0
23500 0 5 0
11750 2 2 0
11750 1 0 0
5874 0 3 0
144215 0 3 0
11750 2 12 1
45237 3 13 0
15510 1 7 0
38775 2 1 0
20409 1 7 1
12925 0 0 0
25850 0 7 0
117500 0 0 0
58750 1 2 0
82250 0 2 0
24724 1 6 0
25924 0 4 0
19904 0 1 0
23266 0 2 0
70500 0 16 0
62383 2 67 0
32313 1 6 0
14024 0 8 0
15510 1 5 3
24948 0 6 0
24948 0 11 0
11750 1 9 0
11750 0 9 6
11750 1 2 1
12921 2 2 0
11750 0 8 6
11750 0 0 0
12921 1 1 0
13188 1 3 3
11750 0 5 0
11750 0 6 0
98700 0 57 4
12980 0 11 1
60865 1 42 0
63567 0 19 0
14922 0 9 0
43005 0 21 0
21738 1 28 0
71205 0 32 0
37952 1 10 0
27143 0 22 0
39657 0 23 0
41125 0 2 0
37013 0 2 1
34956 1 10 0
38481 0 5 0
40538 0 5 0
41125 0 4 0
27025 0 3 0
37893 3 3 4
32606 0 1 0
38775 0 0 0
47294 0 5 0
66975 1 20 0
77160 3 7 0
202100 2 5 0
70500 1 14 0
37842 0 2 0
29375 1 13 0
47000 1 4 0
19975 1 6 0
38775 0 15 1
94000 1 9 0
47000 0 3 0
58750 3 6 0
58750 0 2 0
47000 1 8 0
35250 0 10 0
106925 1 41 1
29963 0 0 0
32312 2 3 5
29963 1 9 0
62275 0 13 0
199750 2 12 0
18212 1 0 0
18212 0 4 0
105000 1 15 0
338600 1 7 1
105000 1 6 1
125000 1 3 0
105000 1 4 0
105000 1 2 0
316075 1 8 0
61453 2 5 0
86363 0 25 1
212205 0 8 0
207387 0 20 1
14100 1 3 0
15275 1 2 0
14100 2 41 0
14100 1 9 0
15275 2 3 0
13513 0 18 0
14100 0 9 0
13711 1 9 0
19275 0 10 0
16450 0 9 0
23500 0 1 0
22325 2 5 0
16450 0 5 0
23500 1 1 0
41125 0 16 2
29375 0 2 0
12734 1 6 0
16450 0 2 0
56400 4 11 0
35250 1 0 0
43475 1 5 0
82250 0 1 0
14100 1 0 0
17500 1 5 0
11750 1 2 0
11550 0 14 0
70500 0 2 0
23500 2 9 0
11750 1 1 0
11750 1 3 1
23500 0 1 0
41000 2 0 0
65900 1 0 0
22200 1 16 0
34660 1 3 0
16450 1 2 0
11750 1 3 0
11750 0 4 0
11750 1 7 0
11750 1 2 0
11750 1 7 0
11750 1 6 0
11750 1 9 0
11750 1 9 1
12300 1 1 0
12026 1 0 0
39400 1 3 0
44400 0 7 0
19176 0 6 0
15510 1 5 0
14864 0 6 0
11750 0 2 0
11750 1 1 0
26014 0 3 0
14006 0 8 1
11750 0 2 0
11750 1 4 0
23159 1 11 0
15463 0 9 0
13771 0 9 0
17625 1 1 0
31349 0 13 0
12514 5 3 0
26673 1 6 2
11750 0 5 2
33147 1 21 0
14394 2 13 0
14923 0 5 0
19893 0 18 1
37283 0 1 0
21080 4 26 0
9978 0 0 0
44450 1 3 1
13677 1 6 1
23148 1 8 3
14100 1 2 0
16027 0 6 0
13275 3 19 0
35979 1 13 3
31173 1 41 0
28729 0 2 0
20727 0 1 0
17143 2 13 0
11750 0 4 1
11750 0 6 0
25850 0 8 0
13254 1 11 0
11750 0 4 0
12502 1 6 1
65953 1 3 0
109772 3 9 0
44797 1 8 0
12308 1 3 0
24488 1 3 0
36679 2 7 3
31154 0 1 0
42871 1 4 1
16444 1 16 0
18126 1 4 0
12573 1 2 0
15121 1 2 0
13268 1 8 0
12624 1 2 1
30945 1 5 3
26479 1 4 1
12038 1 7 1
12138 1 2 0
12451 1 4 0
13503 2 5 0
18180 1 0 0
12618 2 3 0
16546 1 14 0
12617 0 0 0
22346 1 8 0
12144 1 12 0
47706 1 1 0
51700 1 0 0
41125 1 16 1
70500 2 2 0
64625 2 3 0
41125 1 10 0
52875 3 9 1
94000 1 4 0
94000 1 18 11
94000 2 2 0
7458 0 0 0
37837 3 12 0
11750 3 11 0
52875 0 5 0
94994 0 12 0
38130 1 11 0
52875 0 6 0
53535 0 5 0
38130 1 5 0
11750 4 3 0
33875 0 15 0
11750 1 4 0
29716 0 0 0
33584 0 14 0
61735 7 16 0
61735 1 7 0
25139 4 63 0
58750 0 14 0
19566 6 54 0
58750 0 11 0
215784 0 28 0
63345 0 25 0
23413 2 36 0
29169 0 0 0
35503 2 5 0
54491 0 13 0
63451 2 61 0
70145 0 31 0
11750 2 19 0
11750 0 5 0
27826 0 6 0
27925 0 3 0
16888 0 11 0
11750 1 13 0
11750 1 9 0
11750 0 9 0
11750 1 14 0
11750 1 5 0
11750 2 55 0
11750 8 44 0
40541 2 31 1
13241 0 20 0
51007 0 15 0
11750 0 12 0
11750 0 13 0
11750 0 3 0
11750 2 34 0
15353 4 16 0
73133 0 25 0
110804 1 24 0
127095 0 14 0
52965 1 36 0
31544 3 42 0
23029 1 7 0
15544 0 20 0
37369 0 9 0
30380 0 10 0
27624 0 7 1
83809 0 11 1
72874 0 26 0
19190 1 12 0
31664 0 17 0
14585 0 6 0
11750 0 3 0
22069 0 5 0
22069 0 2 0
11750 0 1 0
14269 1 12 0
12930 1 10 0
12928 1 3 0
11742 1 1 0
11742 1 4 3
11742 1 0 0
11742 1 4 0
11741 1 5 0
14100 0 5 0
14100 0 0 0
14100 1 0 0
14100 0 4 0
23500 0 0 0
17625 0 2 0
11750 1 2 0
13493 0 2 1
11750 0 0 0
28200 0 1 0
16912 2 6 0
16912 1 5 0
16912 1 10 0
15281 2 3 0
18104 1 7 0
15514 0 5 0
16792 0 5 0
11739 0 5 0
11739 0 9 1
11739 2 5 0
46295 2 8 0
1811 0 0 0
18320 0 5 0
16270 0 6 0
18330 0 6 0
37615 1 4 0
18330 0 7 0
21171 1 1 0
15308 2 28 0
28174 1 6 0
15308 0 4 0
29313 2 14 2
15308 1 5 0
29313 0 2 0
8956 0 0 0
5957 1 6 0
5957 1 3 0
5957 2 1 0
5957 0 4 0
5957 1 0 0
63400 1 4 0
96400 1 10 0
191500 1 11 0
70500 1 6 0
65800 1 4 0
37600 1 4 0
106900 1 7 0
24700 1 7 0
69300 1 8 3
108100 1 10 0
18800 1 6 0
32900 1 15 0
35300 1 20 0
12900 1 5 0
41312 1 5 0
21200 2 17 0
23500 1 13 0
16500 1 14 0
37600 1 15 0
9400 2 10 0
25800 3 11 0
20000 1 8 0
37600 1 12 0
15300 1 13 0
32900 1 10 0
30500 4 17 0
25800 1 9 0
78700 1 34 0
49400 1 23 0
20542 3 7 0
20543 0 14 0
20543 0 6 1
20542 1 5 0
35250 0 6 0
58750 0 4 0
234914 0 11 0
45238 0 0 0
73438 0 0 0
13815 1 5 0
44180 0 5 0
36425 0 2 0
12703 0 4 0
58750 0 3 0
29375 1 1 0
64625 5 6 1
55733 0 1 1
28200 1 10 1
18800 0 1 0
29375 0 8 1
11750 0 4 0
14100 0 7 2
255849 0 10 2
8497 1 8 0
11750 1 3 0
11750 0 3 0
11750 0 3 0
11750 0 5 0
11750 0 8 4
11750 2 4 4
11750 1 1 0
11750 1 0 0
11750 1 9 1
11750 1 1 0
11750 3 14 0
11750 2 14 0
11750 0 0 0
11730 2 1 0
41130 3 6 0
11730 0 10 3
37610 0 13 0
25800 1 8 0
29400 4 2 0
23500 2 0 0
56400 3 9 0
11900 3 3 2
11700 1 1 0
11700 0 4 0
14100 0 3 0
28200 1 23 0
11700 2 0 0
11800 2 2 0
40774 2 14 3
67447 1 51 4
64506 3 16 8
23816 0 8 1
15090 2 44 0
23218 1 4 0
23218 0 8 0
33666 2 4 0
11609 0 2 0
11600 1 1 0
25540 0 4 0
16253 2 1 0
16253 0 1 0
16253 0 8 0
16253 0 3 0
22057 2 11 0
12770 1 3 0
22057 0 4 0
31344 1 4 0
15092 0 6 0
11609 0 3 0
27862 1 3 0
11600 0 1 0
41792 0 1 0
26701 0 9 0
11600 2 2 0
15092 0 3 0
22831 0 5 0
714368 1 7 0
31210 0 10 2
72345 1 1 0
26640 1 3 0
35330 0 1 0
49040 0 2 0
37730 0 4 0
29381 0 0 0
46332 0 1 0
94984 0 1 0
34188 0 1 0
51701 0 5 0
176252 0 3 0
17841 1 6 2
11897 1 5 3
11894 2 1 1
11894 1 3 1
11897 2 8 3
5947 1 3 0
16450 1 12 2
15804 0 7 2
19975 1 8 0
19975 0 0 0
20563 0 4 2
19975 2 7 0
15275 0 1 0
14607 0 5 0
46407 0 16 19
11750 0 18 0
11750 0 9 0
11750 0 4 2
52875 0 14 0
5875 0 0 0
9048 3 0 0
5875 0 0 0
5875 0 2 0
5875 1 3 0
30701 0 8 0
11750 1 5 0
23124 1 8 1
77080 0 2 0
43592 2 10 3
11750 2 0 0
72850 1 2 0
265904 1 1 0
11750 0 5 0
11750 2 8 0
12133 1 3 1
15871 0 0 0
12134 1 12 0
10114 0 4 0
15821 0 2 0
11750 0 17 0
11750 0 6 0
11750 0 15 0
15270 0 3 0
11750 0 4 0
11750 0 28 3
14100 2 32 9
31725 0 2 11
110098 9 34 9
63685 3 6 11
15392 4 12 19
12925 2 0 0
17625 1 2 0
35945 0 4 3
11750 1 15 1
11750 0 2 0
18800 1 7 1
34075 0 2 0
16450 0 4 0
27025 1 2 0
14100 1 7 0
21150 2 11 0
14100 1 0 0
47000 0 4 0
23500 2 4 0
11750 2 1 0
11750 1 3 0
11750 0 4 0
11750 1 4 0
17625 3 8 1
17625 1 19 0
6463 1 1 2
5875 0 0 0
5875 1 3 1
5977 0 6 0
6463 2 7 2
5875 0 4 1
10340 5 9 0
5875 0 8 0
5875 0 2 0
11750 1 0 0
5875 0 2 0
5875 1 9 0
5875 0 0 0
17625 0 0 0
17625 1 1 0
17625 1 50 0
35250 0 3 0
17625 1 1 0
39356 3 5 0
17625 4 8 0
11750 1 0 0
11750 3 8 0
17625 3 5 1
11750 3 2 0
17625 2 0 0
17625 2 0 0
11750 2 4 0
70500 1 4 2
24968 0 6 2
14997 0 7 0
65800 1 11 0
48578 5 9 1
12597 0 5 0
235000 0 3 0
64625 0 3 0
70500 0 1 0
11743 0 6 0
11743 0 5 0
11743 0 3 1
11743 1 13 0
11743 1 5 0
13053 3 10 0
11743 5 3 0
11743 0 7 0
11743 0 5 0
11743 1 2 0
11743 0 2 0
11743 1 1 0
11743 1 3 0
12811 0 3 0
11743 0 5 0
11743 0 13 0
11743 0 1 0
11743 0 14 0
11743 1 3 0
11743 1 1 0
141000 1 4 0
17625 1 4 0
47000 1 4 0
70500 1 5 0
58750 1 2 0
82250 5 13 0
58750 1 4 0
35250 1 2 0
70500 1 2 0
29375 1 3 0
11750 0 1 0
82250 1 26 0
51230 1 0 0
35250 1 4 1
47000 1 3 0
17625 0 0 0
105750 2 4 0
70500 1 10 0
17625 1 1 0
47000 1 1 0
29375 1 5 0
29375 1 1 0
17625 1 2 0
29375 2 0 0
29375 1 3 0
25851 1 3 0
41124 1 3 0
35250 1 1 0
36736 1 0 0
23500 0 1 0
23500 1 3 1
25850 2 0 1
23501 2 3 1
23500 1 2 0
35251 1 1 1
41126 1 3 0
18691 1 2 0
18691 1 22 0
11767 1 5 0
11767 0 8 0
11767 0 2 1
11767 0 10 0
11767 2 6 0
11767 0 9 0
11767 0 7 0
176201 0 2 0
18691 0 4 0
22325 0 0 0
17630 0 0 1
16440 1 0 0
14100 0 0 0
11750 0 0 0
14100 0 0 0
12925 0 0 0
11750 0 0 0
11750 0 0 0
23500 0 0 0
16438 0 0 0
14100 0 0 0
12925 0 0 0
18540 0 0 0
19965 0 0 0
70500 0 2 0
88125 0 3 0
64625 3 25 1
41125 1 3 0
23500 1 2 2
64625 3 16 1
58750 1 11 0
70500 0 2 0
58750 1 6 0
29375 0 5 0
94000 1 5 0
21269 0 1 0
82250 1 6 0
105750 1 18 1
82250 1 8 0
105750 1 3 1
32900 1 3 0
29375 1 7 4
58750 1 18 0
50525 1 6 0
91650 1 5 0
35250 2 4 0
52875 1 5 0
32312 2 1 0
11750 2 11 0
11750 1 1 0
11750 1 1 0
14100 1 2 0
11750 1 3 0
11750 1 0 0
11750 1 0 0
11750 1 5 0
17037 1 0 0
18800 1 7 0
11750 2 0 2
22325 1 2 0
23618 1 1 0
12337 1 2 0
11750 1 5 0
28200 1 5 0
14100 1 5 0
41125 1 2 0
11750 2 8 0
14688 1 9 0
11750 1 6 0
15275 0 2 0
15275 1 3 0
22913 1 3 0
11750 1 1 0
34075 1 3 0
11750 1 3 0
35250 1 1 0
19975 1 2 0
11750 2 5 0
22912 1 7 0
22325 1 0 0
15275 1 2 0
23500 1 2 0
17038 3 7 0
11750 1 5 0
58750 1 3 0
11750 3 6 0
11750 0 1 0
23500 1 1 0
28200 2 2 0
117500 1 1 0
13512 1 2 0
14688 2 6 0
32312 1 1 0
11750 1 3 0
13512 1 2 0
11750 1 3 0
11750 1 0 0
11750 1 2 0
11750 1 13 0
11750 0 2 1
188000 1 2 0
11750 1 1 0
16450 0 2 0
11750 1 0 0
11750 1 3 0
11750 2 9 0
35250 1 0 0
34075 1 2 0
11750 1 1 0
17625 1 6 0
22325 1 3 0
12338 0 1 0
16450 3 5 0
16450 1 2 0
23500 1 2 0
11750 2 3 0
23500 1 4 0
11750 1 2 0
12056 2 9 0
11750 1 14 0
29375 1 2 0
284358 4 4 1
96938 4 0 0
214438 4 1 1
293750 3 1 0
258500 2 0 0
176250 2 1 1
117500 2 0 0
174556 3 6 0
28318 2 20 0
21150 1 5 0
21150 1 4 0
19975 2 4 0
16450 1 1 0
18800 1 5 0
17625 1 8 0
16450 2 10 1
18800 1 2 0
16450 1 6 0
17625 1 2 0
32900 1 3 0
19975 1 13 0
16450 1 3 0
16450 1 2 0
15275 1 6 0
19975 1 14 1
16450 2 2 0
29375 1 28 1
14100 2 2 0
17625 1 4 0
28200 1 20 0
23500 1 6 0
23500 1 16 0
29375 3 9 0
23559 1 5 0
58750 3 3 0
329120 4 18 0
58750 2 4 0
49350 2 3 0
52405 1 5 0
89536 3 25 0
40303 2 10 0
25122 1 1 0
23500 1 1 0
68150 4 5 0
235001 1 1 0
61335 5 8 0
28435 4 0 0
96350 1 5 0
23500 4 11 0
41243 4 6 1
31373 4 4 0
30080 6 29 0
41031 4 10 0
43358 2 13 0
90405 1 6 0
60513 4 29 0
23500 4 4 0
119851 4 6 0
27730 4 25 0
23500 4 0 0
25968 4 29 0
23500 4 20 0
23735 4 5 0
60807 4 8 0
130698 9 2 0
62393 4 0 0
25615 5 16 0
37483 6 0 0
182126 5 3 0
88478 5 0 0
101521 5 1 0
104458 6 42 0
32900 11 4 2
41360 4 2 0
36073 5 5 0
23500 4 6 0
25733 4 7 0
35133 4 11 0
115738 4 7 0
44650 4 15 0
23500 4 8 0
23500 8 15 0
93096 5 42 0
39598 4 5 0
28976 4 15 0
34252 4 7 0
489982 5 23 2
103400 4 6 0
131601 4 0 0
155219 5 1 0
47000 4 0 0
23500 13 17 0
92121 1 0 0
23500 7 12 1
46530 6 9 0
88125 3 12 0
141001 4 0 0
125021 3 0 0
129250 1 0 2
170377 1 1 0
152752 1 3 3
129250 1 0 1
163326 1 3 3
64625 1 2 0
361902 1 4 1
361902 4 3 0
361902 2 1 0
362574 4 9 1
44744 0 0 0
38775 0 0 0
101050 2 36 0
21150 1 9 6
19389 0 20 0
18095 1 4 0
38775 3 4 0
18098 0 17 0
19389 1 1 0
16804 0 5 0
20680 0 2 0
111860 0 15 1
25850 0 4 0
54285 0 8 0
71086 1 11 1
84011 0 3 0
21501 2 7 0
12928 3 20 0
44560 2 7 0
31725 1 10 0
32311 0 3 0
19386 1 4 0
25850 2 0 0
12925 3 2 0
18800 1 0 0
12925 1 0 0
60746 1 0 0
103991 1 5 1
81545 2 0 0
64625 0 0 0
69795 2 5 0
94000 1 3 1
77550 0 0 0
115150 1 5 0
141000 0 4 0
58750 3 19 4
70500 3 5 0
35250 1 2 0
29375 0 10 0
29375 2 5 0
52875 0 4 0
47000 0 3 0
17625 1 4 0
205625 2 5 0
29375 0 7 0
29375 0 0 0
24675 1 3 0
35250 4 8 0
41125 1 2 0
37600 0 3 0
35250 0 3 0
117500 0 2 0
29375 0 6 0
29375 0 7 0
117500 0 0 0
35250 0 0 0
14100 1 8 0
16450 1 4 0
16450 1 3 0
9266 3 14 0
7050 1 6 0
5860 1 0 0
7050 1 1 0
5860 1 2 0
8220 1 5 0
5860 0 0 0
9400 1 4 0
5870 1 0 0
5860 3 2 0
7044 1 3 0
14443 1 5 0
14100 1 4 0
11750 0 7 0
14100 0 11 0
11750 1 3 0
43475 1 7 1
17625 0 3 0
11750 2 6 0
11750 1 5 0
17625 0 3 0
11750 1 1 0
21150 0 0 0
16450 1 2 0
18800 0 4 0
11750 1 5 1
11750 0 4 0
12925 0 3 0
17625 1 5 0
11750 0 1 0
11750 1 10 0
17625 1 2 0
14100 0 3 1
11750 1 2 0
11750 0 8 0
35250 1 8 0
11750 0 0 0
11750 0 3 0
101050 2 20 1
14100 0 3 0
11750 0 3 0
11750 0 4 0
23500 2 4 0
23500 2 6 0
47000 0 12 0
11750 0 1 0
82250 0 1 0
37600 2 5 0
82250 0 2 0
18800 1 1 0
11750 1 1 0
21150 1 8 0
17625 0 0 0
17625 0 1 0
18800 0 2 0
17625 0 0 0
11750 0 0 0
11750 0 1 0
11750 0 1 0
14100 0 1 1
11750 1 6 3
17795 0 0 0
32507 0 0 0
38772 4 5 0
30543 2 2 0
36423 3 2 1
12923 4 3 0
12893 2 0 0
12923 2 2 0
12923 2 1 0
30549 1 1 2
14092 0 3 0
41937 1 2 0
71571 0 2 0
43625 0 2 0
35249 0 0 0
170063 0 0 0
140997 0 0 0
34894 0 2 1
25860 0 2 0
14640 0 4 0
22246 0 2 0
12266 0 1 0
117492 1 5 0
82242 0 5 0
82243 3 7 1
32085 1 5 0
113281 4 4 1
60751 3 7 0
234993 2 1 1
60747 3 3 1
11870 0 2 0
41125 1 3 3
41125 0 2 0
11750 3 19 0
11750 0 2 0
35250 1 3 0
41125 1 2 0
64625 1 7 0
35250 2 12 8
29375 0 5 4
23500 1 0 0
23500 2 22 0
47000 0 11 0
35250 2 11 2
29376 1 21 0
23500 0 1 0
23500 1 3 0
35250 0 2 0
187999 1 2 0
11750 1 2 0
35250 1 2 0
47000 1 2 0
94000 0 9 0
35250 1 8 0
11750 5 9 0
11750 2 1 0
42060 2 2 0
11750 1 2 0
23500 0 5 0
94000 2 16 0
82250 0 7 1
35250 1 6 0
47000 0 8 1
35250 1 10 1
47000 2 11 0
35250 0 9 0
35250 5 7 0
70500 4 18 0
282002 0 0 0
11750 0 1 0
35250 1 5 0
11750 0 3 0
47000 0 9 0
47000 0 4 0
94000 1 5 0
176250 0 6 1
77550 0 6 1
23500 1 3 0
23500 0 3 0
58750 0 3 0
58750 0 15 0
47000 0 2 0
23500 0 3 0
58750 0 4 0
58750 1 0 0
35250 1 4 0
70500 0 3 0
35250 1 4 0
23500 0 2 0
35250 0 5 0
35250 0 11 0
28200 0 0 0
82250 1 5 0
35250 2 1 2
47000 1 4 0
23500 1 1 0
23500 1 1 0
94000 1 1 0
82250 1 1 0
28200 0 1 0
47000 0 0 0
94000 1 13 0
82250 2 7 0
70500 1 7 0
23500 1 1 0
35250 0 2 0
47000 1 3 0
23500 1 7 0
47000 1 7 0
23500 0 2 0
58750 0 4 0
23500 0 1 0
58750 0 8 0
47000 1 12 0
23500 3 1 0
23500 0 15 1
35250 1 1 0
23500 0 4 0
23500 0 1 0
23500 2 2 0
23500 0 1 0
70500 0 3 0
47000 1 1 0
23500 1 11 0
23500 1 7 0
70500 0 0 0
70500 0 2 0
94000 0 1 1
35250 0 0 0
105750 0 3 0
105750 0 4 0
35250 0 1 0
82250 1 3 0
94000 0 7 0
141000 0 6 0
117500 1 2 0
117500 0 3 0
141000 0 0 0
94000 0 1 0
117500 0 0 0
141000 0 4 0
176578 0 0 0
223250 0 12 0
145092 0 1 0
38659 0 0 0
19975 1 0 0
183300 1 5 0
17625 3 11 0
12270 2 6 0
58750 1 2 0
41125 1 6 1
47823 1 1 0
35250 1 5 0
35250 1 0 0
35250 1 3 0
35250 1 1 0
17625 1 4 0
229125 1 3 0
47000 0 3 0
88125 1 1 0
41125 0 8 0
47000 0 3 0
41125 2 0 0
88125 2 2 0
17625 1 0 0
47000 1 0 0
35250 1 1 0
58750 1 0 0
188000 1 3 0
235000 1 0 0
48527 1 7 0
23500 1 2 0
29375 3 14 0
23500 1 0 0
17625 1 0 0
17625 1 0 0
58750 1 0 0
52875 3 10 0
52875 1 0 0
71675 0 0 0
77550 1 0 0
64625 0 4 0
47000 1 6 0
58750 1 3 0
43710 1 5 0
47000 1 1 1
35250 1 1 0
35250 0 1 0
205625 1 5 0
117500 1 4 0
122788 1 3 0
47000 1 0 0
35250 0 0 0
35250 0 0 0
35250 1 0 0
82250 1 0 0
141000 0 0 0
41125 1 3 1
41125 1 6 0
275303 1 2 0
77903 1 0 0
41125 1 4 0
41125 1 4 0
44460 3 10 0
41125 1 3 0
47000 1 0 0
47000 2 5 0
35250 1 2 0
17625 1 5 0
17625 1 0 0
17625 1 2 0
19975 1 9 0
17575 1 0 0
17625 2 3 0
23500 2 5 0
17625 2 12 3
19975 0 3 0
35250 1 0 0
47000 1 0 0
188000 2 4 0
47000 1 4 0
35250 3 6 0
47000 1 3 0
92472 2 8 0
92472 1 7 0
97525 1 2 0
176250 1 4 0
117206 1 2 0
47000 1 0 1
117500 1 5 0
210912 1 0 0
117500 1 2 0
47000 1 15 0
47000 1 13 0
102107 6 4 3
172629 0 0 0
117500 0 6 0
94000 0 0 0
47000 1 19 0
70500 1 4 0
35250 1 4 0
88125 1 6 0
58750 1 1 0
88125 1 7 0
64625 0 15 0
41125 1 13 0
23500 1 6 0
35250 3 10 0
58750 2 5 0
3736 0 0 0
21738 0 0 0
12338 0 2 0
21738 0 3 0
12925 0 2 0
16450 1 5 0
27025 0 0 0
32665 1 2 0
16450 0 0 0
14100 3 5 0
23500 0 1 0
12925 0 6 0
21738 2 4 0
12338 2 6 0
32900 0 4 0
12925 2 1 0
17273 1 2 0
21738 0 1 0
25850 0 13 0
22325 0 0 0
22325 1 0 0
21738 1 0 0
21738 1 3 0
21738 0 4 0
33488 0 1 0
22325 1 0 0
22325 0 2 0
12925 0 0 0
19822 0 0 0
12925 0 2 0
12920 0 0 0
39950 0 0 0
235000 0 2 0
74025 0 2 0
35250 3 2 0
13031 0 2 0
47787 0 2 0
36049 2 4 1
22489 0 8 0
30362 0 0 0
14981 1 13 0
18612 0 0 0
20986 0 10 0
37847 0 2 1
1010299 2 4 0
11985 1 10 0
49115 0 16 0
11985 1 2 0
124785 0 7 2
67833 0 62 0
25145 1 12 0
41043 0 2 0
51677 1 6 0
44450 0 10 0
13959 0 1 0
21655 0 3 0
17061 1 1 0
35144 0 12 0
24170 0 7 0
67609 4 44 0
11750 0 3 0
59678 0 5 0
13877 0 5 0
124785 2 11 0
20492 1 8 0
14467 1 3 2
24816 1 1 0
16133 1 1 0
18448 1 0 0
33206 1 0 0
31948 0 5 1
27272 0 1 0
12091 0 2 0
78443 0 5 0
12103 1 10 0
12690 0 0 0
13031 1 3 0
14605 2 10 0
11750 0 8 0
16203 2 5 0
97725 0 4 0
19951 0 4 0
18295 0 16 0
18236 1 14 0
25850 0 3 0
29375 1 26 0
17308 2 2 0
25107 1 2 0
197706 0 0 0
25592 1 7 0
33205 1 9 0
42100 0 4 0
50748 1 4 0
27754 0 27 0
73672 0 12 0
20328 5 4 0
18753 1 10 0
23594 0 4 0
17343 2 0 1
122787 1 4 0
117500 0 3 0
117500 0 9 0
117500 1 5 0
18553 1 10 0
65217 1 0 0
150071 4 2 0
78866 0 5 0
18941 0 8 0
41125 0 0 0
16450 0 0 0
17625 0 3 0
13483 0 0 0
11750 0 0 0
12690 0 2 0
14321 0 4 0
11750 0 0 0
12808 0 2 0
11868 0 1 0
11750 0 1 0
45825 0 3 0
18800 0 0 0
20143 0 3 0
22971 0 0 0
14100 0 0 0
11750 1 0 0
12925 1 0 0
11750 1 1 0
11750 1 6 0
11750 1 0 0
11750 1 1 0
11750 1 4 0
11750 1 0 0
11750 1 1 0
27025 1 1 0
18800 1 3 0
12043 1 2 0
17625 0 4 1
17623 0 3 0
13394 1 0 1
19387 0 0 0
11750 2 4 1
117500 3 6 0
13042 0 12 1
123375 0 3 0
105750 1 1 0
192653 0 0 0
82250 1 4 0
200925 0 0 0
117500 0 2 0
46410 0 0 0
141000 2 1 0
58750 0 1 0
70500 1 0 0
58750 0 1 0
58750 2 5 0
58750 0 1 0
58750 2 3 0
58750 0 0 0
65797 1 3 1
117500 6 4 0
11750 1 3 0
117500 1 3 0
83385 2 6 0
169200 0 0 0
80487 2 7 0
169200 0 0 0
114562 2 9 0
58750 1 16 0
38759 2 4 0
31716 1 8 0
35250 3 0 0
11750 1 0 0
99875 4 2 0
14096 1 4 0
58750 0 5 0
28200 0 2 0
35250 0 4 0
17625 1 5 0
23500 0 3 0
23500 0 9 0
29375 0 3 0
17625 0 1 3
29375 0 10 0
17625 0 2 0
29375 0 2 0
29375 0 4 0
17625 0 2 0
47000 2 3 0
11750 0 6 3
15275 0 6 0
12925 0 2 0
11750 0 3 0
11750 0 2 0
12925 1 3 0
49350 1 0 0
141000 1 29 0
105750 1 2 0
197400 1 4 0
27025 1 2 0
235000 0 3 0
51700 1 4 0
43945 0 0 0
37483 2 10 0
73673 0 4 0
51700 0 2 0
51700 0 15 2
32313 3 51 6
18095 0 3 0
32313 0 3 0
64625 1 14 0
32313 1 7 1
51700 0 2 0
40068 0 20 0
31020 0 28 1
12925 0 1 0
25204 1 5 0
12925 1 10 0
19388 0 13 0
12925 0 5 1
25850 2 3 0
32313 1 5 1
12925 4 4 0
25850 1 12 0
96938 1 4 6
32313 1 6 0
38775 5 0 0
146875 0 2 0
29375 0 0 0
35250 0 2 0
23500 0 0 0
23500 1 0 0
29375 0 1 0
35250 0 0 0
29375 0 1 0
41125 0 0 0
17625 0 2 0
17625 0 1 0
17625 0 0 0
23500 0 1 0
17625 0 2 1
17625 0 6 1
19975 1 5 0
23500 0 0 0
31725 1 27 0
31725 0 2 0
17625 0 1 0
33253 1 7 0
76375 0 3 0
26431 0 1 1
26438 0 1 0
23500 1 3 0
14100 1 5 0
27613 0 4 0
23500 0 5 0
70500 1 3 0
12925 0 2 0
12925 1 1 0
25263 2 11 0
63450 1 1 0
41125 2 5 2
17625 0 4 0
17625 1 2 0
17625 0 2 1
11750 0 2 0
11750 0 4 0
78725 1 1 0
23500 0 1 0
29375 6 5 0
23500 0 1 0
23500 0 1 0
12925 1 5 0
41125 1 3 0
23500 1 1 0
35250 0 2 0
35250 1 10 4
11750 6 7 0
17625 1 4 0
36836 0 0 0
35102 2 4 0
58926 8 0 0
286400 2 11 0
70147 3 1 0
31526 5 3 0
45487 4 0 0
59851 6 87 5
38648 2 14 0
34514 4 14 0
109801 2 4 1
16491 6 22 4
53665 2 21 0
32925 4 15 0
20668 2 8 0
25987 2 18 0
37043 2 5 0
52480 2 1 0
14078 2 4 0
49315 2 6 0
50326 2 4 0
51671 3 18 0
36913 2 19 0
11954 2 14 0
45225 2 1 0
36524 3 14 0
57147 3 10 0
63781 2 3 0
17835 2 0 0
11750 2 1 0
11750 2 2 0
43851 2 3 0
11750 2 4 0
12733 2 10 0
58750 2 6 0
20600 0 8 0
15800 0 5 0
15800 0 1 0
11800 0 1 0
11800 0 1 0
35461 0 15 3
17600 1 13 0
20000 1 2 0
15000 0 4 0
20000 0 1 1
11800 0 4 0
52437 1 0 0
47438 2 2 0
52438 1 2 0
47437 5 19 0
88125 0 14 0
47000 6 15 0
23500 0 30 0
14100 0 2 0
58750 1 3 0
58750 1 4 0
88125 2 2 3
176250 2 8 1
117500 0 3 0
35250 1 0 0
49232 2 7 0
47000 1 3 3
51348 1 10 0
176250 1 2 8
27025 3 2 0
58750 1 10 1
176250 2 7 0
117500 2 25 1
35250 3 2 0
56165 0 5 0
46765 0 14 0
132049 1 4 0
159095 0 17 0
88947 0 29 1
171903 1 4 0
168495 0 36 0
223485 0 17 0
63920 0 0 0
140413 3 0 0
19035 0 9 0
32313 0 6 0
30080 1 2 0
35250 1 1 0
45825 1 0 0
35250 2 6 0
35250 1 2 0
35250 1 2 0
35250 1 2 0
35250 1 2 0
35250 0 3 0
35250 1 2 0
35250 0 4 0
45825 1 7 0
41125 1 1 0
45825 0 15 0
35250 3 2 0
41125 1 1 0
35250 1 1 0
57845 1 4 0
35250 1 1 0
45825 0 2 0
35250 1 1 0
35250 1 2 0
35250 1 1 0
57845 1 3 0
35250 1 3 0
41125 0 3 0
35250 1 1 0
35250 1 13 0
35250 1 1 0
35250 0 1 0
45825 2 19 0
35250 1 2 0
35250 3 5 0
35250 1 4 0
35250 1 1 0
23962 0 0 0
23962 0 0 0
23962 0 0 0
23962 1 0 0
23962 1 1 0
23967 0 2 0
23962 0 1 0
23962 0 1 0
23962 0 0 0
23962 0 2 0
23962 1 1 0
23962 1 7 0
23962 0 0 0
23962 1 2 0
23962 0 4 0
23440 0 1 0
23440 0 0 0
47000 3 8 0
55225 3 0 0
176515 2 5 0
56400 0 0 0
38775 1 1 0
26223 1 0 0
23500 3 7 0
36425 2 2 0
47000 1 0 0
141000 2 3 0
23500 1 0 0
141305 2 3 0
23500 1 3 1
17625 1 2 0
51418 2 6 3
38551 1 2 0
16450 1 8 0
17931 1 1 0
72967 1 12 0
58750 1 12 0
47000 0 4 0
23230 0 1 0
26438 1 1 0
182125 0 3 0
39950 1 6 0
28347 1 0 0
28658 1 0 0
22172 1 2 0
20809 1 6 0
28382 1 5 0
84600 1 1 0
89300 1 0 0
40514 1 0 0
42300 1 1 0
38391 1 8 0
17801 1 1 0
22485 1 0 0
23500 1 1 0
11750 1 5 0
27174 1 2 0
36366 2 3 1
33477 1 6 0
47000 2 8 0
47000 1 2 0
19783 1 0 0
48987 1 8 0
21855 1 30 0
15143 1 0 0
47000 1 4 0
47000 1 2 0
23500 1 2 0
13799 3 5 0
13865 2 8 0
50254 1 2 0
152750 1 0 0
45344 1 4 0
14570 1 2 0
20210 2 18 0
46571 1 7 0
41125 1 1 0
11750 1 0 0
88360 0 1 0
47000 1 7 0
51832 2 6 0
23500 1 1 0
82250 0 0 0
18175 1 3 0
42535 1 4 1
11750 1 3 0
52875 1 5 0
37541 1 5 0
41870 2 24 0
38375 1 6 0
47000 1 4 0
42300 1 5 0
32935 0 2 0
35763 1 1 0
98700 1 2 0
117500 1 1 0
11750 0 2 0
117500 0 2 0
47000 1 2 0
28347 1 0 0
23970 1 0 0
35250 1 2 0
25745 1 2 0
17718 1 1 0
15863 1 5 0
21114 2 8 0
46452 1 1 0
13179 1 0 0
188000 0 3 0
189868 0 1 0
14570 1 4 0
99701 1 0 0
50237 0 12 0
14100 0 1 0
23500 0 3 0
14297 2 12 0
14100 1 0 0
13067 2 4 0
22207 1 1 0
23500 1 7 0
47000 1 12 0
35250 1 7 0
27495 0 0 0
23500 1 0 0
29375 1 2 0
28200 1 3 0
23500 1 5 0
11750 1 4 0
11867 1 4 0
14570 1 2 0
11867 1 2 0
11867 1 0 0
35250 1 3 0
23500 1 1 0
20680 1 0 0
23030 1 3 0
32430 1 7 0
21268 1 7 0
74656 1 10 0
49350 1 3 0
39843 1 2 0
19975 1 0 0
45825 1 1 0
47000 2 5 0
17718 1 0 0
12216 1 1 0
12069 1 0 0
13779 1 0 0
256832 1 1 0
35109 1 12 0
176250 1 1 0
23500 1 3 0
145700 0 3 0
96938 1 2 0
48530 1 2 0
29375 1 0 0
16450 1 0 0
81141 0 0 0
35250 1 4 0
16450 1 6 0
13512 0 10 0
16215 0 3 0
23500 0 8 0
35250 0 1 0
47000 1 5 0
30550 0 2 0
84600 0 0 2
28200 1 1 0
47000 0 7 0
18800 12 10 0
20343 0 0 0
41125 1 3 0
35250 0 0 0
35250 0 8 0
58750 1 3 0
41125 1 8 0
17625 1 2 0
24675 1 2 0
8250 0 1 0
21150 0 2 0
11750 1 12 0
65800 0 5 0
72850 0 5 0
16450 1 1 0
11750 2 9 0
19975 1 8 0
22913 1 135 0
47000 0 3 0
11750 0 8 0
17625 1 28 0
23500 0 8 0
11750 1 4 0
12925 2 2 0
12925 2 2 1
19387 0 4 0
11750 3 10 0
23500 1 10 0
11750 0 8 0
21150 1 17 3
11750 1 2 0
31725 1 4 0
14100 0 11 0
11750 1 28 0
11750 3 19 0
19975 5 74 0
11750 3 15 2
18800 1 4 3
11750 1 6 0
11750 1 6 3
11750 0 3 1
12925 2 34 0
11750 3 27 0
11750 2 2 0
23500 2 17 2
22325 2 5 1
22325 1 2 0
25850 0 4 2
51113 0 23 0
25850 2 7 0
12337 1 15 1
11750 1 4 0
11750 0 10 0
23500 1 8 2
14100 0 4 0
82250 1 30 0
17625 0 0 0
17625 1 26 0
17625 3 6 2
17625 1 4 0
17625 2 11 0
17625 2 34 0
17625 1 2 3
17625 0 18 0
17625 1 4 0
17625 0 0 0
17625 1 14 2
58750 2 2 1
42300 1 2 0
64625 1 28 1
29375 1 34 0
2599 0 0 0
15275 0 11 2
17625 1 2 0
41125 0 4 2
44650 1 20 1
11750 1 4 0
15069 0 2 0
14934 1 8 0
14180 0 12 0
48712 0 29 0
18309 0 5 0
117500 0 4 0
13933 2 9 0
70500 1 11 0
19606 1 8 1
20809 5 5 0
13424 3 10 0
117500 2 11 0
22365 1 17 0
217374 0 3 0
19959 1 11 0
164500 0 1 1
12469 0 7 1
19775 0 6 0
12188 0 14 0
35250 2 2 0
48658 0 21 1
145125 0 4 2
15383 11 11 0
18039 0 25 0
411249 0 29 1
141000 0 11 0
176250 0 6 0
12149 0 14 0
72068 0 3 0
38775 0 8 0
32312 0 8 0
54342 0 4 0
69039 0 7 0
30197 0 7 0
42766 0 5 0
38844 0 4 0
44576 1 2 0
115015 0 9 0
77513 1 4 0
36887 0 4 0
58541 0 6 0
30177 0 14 0
105750 0 17 1
117500 0 4 0
35250 0 16 0
35250 1 12 0
52875 0 2 0
111625 0 37 0
47000 2 6 0
99875 1 12 0
52875 0 10 0
18090 2 8 0
35314 1 15 0
188929 0 16 0
23662 0 8 0
32218 0 10 0
23700 1 9 0
26955 0 7 0
37710 1 9 0
51629 5 24 0
12595 1 9 0
34074 1 3 0
174745 0 5 0
119054 0 3 0
139873 1 7 0
86045 4 18 0
170658 0 17 0
15510 0 10 0
17273 1 19 0
36273 1 7 0
58750 0 31 0
23500 1 2 0
47000 2 2 0
35250 4 12 0
30550 1 24 0
47000 0 12 0
35250 2 18 0
23500 0 1 0
48176 0 6 0
49350 1 3 0
11750 1 1 0
35250 2 7 0
28200 0 21 0
25850 0 7 0
41126 1 8 0
35250 1 8 0
29376 0 2 0
35250 1 4 0
35250 2 33 0
32900 1 9 0
30550 0 5 0
37600 2 8 0
70500 0 6 0
52876 1 0 0
176250 0 0 0
19976 0 18 0
23500 2 17 0
11745 0 0 0
11750 2 11 0
11750 1 2 0
11750 1 5 0
11750 1 3 0
11750 1 0 0
11750 1 2 0
35250 5 18 0
15408 4 13 0
14100 4 9 0
49350 2 8 0
43475 1 8 0
49350 2 17 0
30550 5 15 0
30550 1 1 0
37600 1 6 0
18800 1 9 0
49350 2 20 1
18800 1 4 0
50525 4 6 0
30550 1 6 0
18800 0 10 0
12925 5 31 0
25850 1 3 0
34075 3 10 0
25850 1 1 0
37600 1 3 0
43475 1 25 0
49350 0 9 1
11242 0 0 0
58750 3 5 0
18800 4 15 0
128075 1 31 0
113956 2 55 0
51772 1 4 4
55873 0 2 0
17656 0 6 0
11750 0 10 0
28203 5 22 0
34085 4 10 0
93060 2 13 0
76353 2 9 0
80118 1 15 0
11750 0 6 0
18185 0 4 0
42744 1 4 0
15510 2 20 0
26372 0 3 0
64816 0 6 0
12821 0 4 0
11750 0 8 0
20851 1 3 0
14100 0 2 0
34032 1 10 0
23500 0 5 0
11750 1 0 0
15863 1 4 4
15275 1 6 0
17038 1 1 0
15275 1 4 0
17625 1 6 0
11750 1 9 0
25263 1 7 0
11750 1 8 0
6967 1 0 0
20563 1 7 0
27025 1 9 0
28200 1 6 0
23500 5 3 0
42300 1 5 0
30550 1 4 0
35250 2 3 0
24675 1 6 0
27025 5 6 1
24675 0 3 0
21150 1 5 0
17625 3 21 0
28200 1 21 0
28668 1 3 0
30550 1 3 1
27612 1 3 0
21150 4 6 0
37600 1 13 0
30550 0 9 2
35250 1 2 0
24675 1 3 0
23500 1 2 1
23500 0 0 0
4700 7 9 0
12338 4 32 0
12338 5 4 0
12338 2 8 0
12338 4 13 0
2110 0 0 0
44062 2 12 3
44062 2 23 3
47000 1 15 0
17625 3 4 3
17625 2 5 3
28200 4 22 0
30550 3 14 0
11750 2 9 4
16450 3 6 1
14100 1 11 8
16450 3 9 0
16450 1 3 2
11750 2 12 0
19976 2 11 0
23500 2 7 2
17625 1 4 3
17625 2 1 0
19976 5 12 1
11750 2 8 0
11750 2 11 1
21150 1 3 3
16451 3 14 2
21150 1 13 0
11750 4 21 0
11750 3 6 0
17625 2 21 0
17625 1 7 0
43649 61 106 42
12925 0 6 0
12925 0 1 4
12925 1 4 0
12925 1 2 0
12925 0 1 2
15863 0 3 0
12925 0 1 0
12925 1 0 0
12925 0 0 0
12925 1 5 3
5231 5 17 7
87672 0 7 0
57016 4 10 0
32306 0 7 0
115260 2 6 1
31801 1 3 1
117299 1 5 0
19667 4 15 0
40820 3 12 0
31801 10 0 0
14484 4 2 0
32381 4 13 0
35708 0 9 0
32869 0 14 0
25857 1 1 0
14482 2 7 0
14473 3 2 0
33191 2 21 0
17391 3 5 0
32811 0 5 0
30094 0 8 0
293750 1 9 0
21751 0 6 0
32557 2 5 2
79911 1 5 0
25733 0 0 0
130537 0 3 0
25602 3 20 4
25603 0 6 3
22369 1 18 0
20482 3 11 0
17412 1 16 0
19458 1 18 0
22691 4 15 0
25602 2 6 1
12801 0 2 0
12801 0 3 0
127253 1 41 3
161915 4 27 0
65800 2 45 4
70265 0 12 0
44415 1 10 0
29610 1 18 0
29610 0 9 2
40303 0 6 0
44532 0 6 0
6410 1 0 0
14100 0 9 0
45825 0 13 1
14100 4 14 4
23500 1 6 0
14100 0 3 0
23500 1 2 0
17038 2 13 0
27260 1 6 0
28200 2 12 0
12338 0 1 0
21738 1 14 2
22913 1 8 0
15275 0 3 2
12337 1 1 1
33464 2 0 0
11750 2 8 0
11750 1 11 1
19975 1 14 0
17672 2 6 0
109949 0 20 0
63450 4 7 3
63450 1 3 1
35250 1 4 2
39950 2 0 0
108100 1 0 3
32900 1 3 1
176250 1 4 0
27944 4 7 1
29375 1 5 0
29375 2 4 0
11751 1 23 3
11750 2 1 0
18800 1 0 0
11750 6 10 0
18800 1 23 0
18800 0 1 0
28200 1 4 0
18800 0 11 1
28200 1 12 0
28200 0 13 0
18800 1 13 6
18800 2 5 0
18800 0 10 2
59924 0 4 0
18800 2 0 0
28200 1 15 0
18800 0 18 0
18800 0 5 2
18800 0 2 0
28200 0 9 0
18800 1 9 0
28200 0 5 0
28200 0 4 0
44650 2 9 0
28200 1 12 0
18800 1 13 0
28200 1 7 0
28200 0 6 0
14100 0 6 0
18800 0 12 0
18800 0 7 0
14100 0 7 0
28200 1 6 0
18800 1 4 0
18800 0 6 0
28200 0 0 0
44650 1 5 0
28200 1 5 1
18800 0 2 0
23500 1 7 5
42300 1 10 0
28200 3 5 0
18800 1 8 0
54050 0 6 0
18800 0 0 0
70500 2 7 0
70500 2 1 0
88126 0 1 0
176250 1 4 1
28200 0 6 0
40203 0 0 0
179662 2 15 0
158625 2 11 0
175517 3 12 0
87806 2 7 3
227198 4 42 5
194519 3 12 1
112752 2 7 1
24088 0 1 0
14100 0 5 0
17625 0 6 0
19975 0 13 0
15862 3 17 0
19975 1 6 0
11750 1 3 0
11750 1 0 0
12337 0 10 0
17625 1 3 0
14100 0 3 0
51700 1 11 0
16920 1 23 0
21973 0 7 0
128780 1 12 0
31255 1 3 0
32195 0 5 0
20328 1 3 0
35250 2 14 2
29493 0 0 0
25498 3 13 0
21502 4 0 0
16207 2 11 0
66975 0 9 0
42065 0 3 0
67327 0 9 0
35720 0 8 0
39362 0 3 0
86299 1 15 4
48175 1 19 4
42300 1 14 0
23500 1 7 0
23500 1 3 0
32125 1 3 0
28200 4 25 0
23500 1 4 0
23500 2 5 0
25850 8 16 0
25850 1 15 0
29375 1 6 0
23500 5 2 0
35250 5 32 0
52875 2 6 0
266733 1 2 0
99875 1 3 0
94000 1 0 0
88125 1 0 0
38775 1 0 0
32900 0 4 0
36425 6 14 0
30550 1 0 0
31134 5 2 0
117500 0 2 0
117500 1 0 0
21700 5 27 0
21700 5 3 0
21700 3 4 0
112000 1 1 0
90500 1 2 0
117500 3 11 0
94000 3 2 0
141000 3 3 0
54689 1 6 0
23938 5 8 0
29385 1 6 0
23938 4 2 0
14094 2 6 0
30534 2 4 0
30534 0 4 0
29385 2 0 0
152722 0 5 0
82250 0 3 0
47000 0 22 0
82250 0 0 0
29375 0 5 0
82250 4 24 0
35250 0 2 0
82250 0 8 0
35250 2 11 1
29375 0 0 0
29375 0 11 0
29375 0 11 0
29375 0 0 0
29375 1 26 0
29375 0 8 0
58750 0 2 0
58750 0 5 0
29375 0 7 0
35250 1 3 0
47000 0 8 0
35250 2 8 0
29375 0 0 0
29375 1 2 2
47000 2 10 0
29375 4 33 0
35250 0 5 0
35250 4 47 0
35250 2 0 0
29375 0 1 0
58750 0 7 0
35250 1 1 0
29375 8 62 0
70500 1 5 0
29375 0 15 0
117500 0 6 0
29375 0 21 0
29375 0 9 0
70500 16 0 0
29375 0 15 0
35250 0 1 0
35250 6 11 0
35250 0 0 0
70500 1 6 0
29375 0 0 0
99875 0 2 0
76375 0 0 0
58750 0 0 0
35250 2 10 0
41316 0 0 0
47000 0 4 0
35250 0 23 0
105750 0 2 0
47000 0 6 0
23549 0 0 0
26382 0 3 0
35250 0 1 0
26094 0 4 0
22719 0 1 0
70500 1 5 0
24675 2 24 0
105750 0 0 0
24087 0 10 1
19366 0 6 0
30054 0 5 0
28071 0 2 0
23837 0 3 1
25850 0 0 0
28200 1 4 1
54279 0 0 0
26291 0 7 0
23804 0 1 0
27952 1 2 0
94000 0 0 0
23804 0 1 0
25726 0 1 0
37764 4 4 1
31232 0 1 0
18263 0 5 0
23536 4 1 0
24671 4 27 3
25579 1 0 0
25948 4 4 0
24671 5 19 3
24577 0 2 0
29375 0 0 0
77310 0 1 0
25541 0 0 0
24201 0 2 0
29806 0 9 0
22478 4 9 0
29920 10 8 0
20811 0 8 0
17634 1 9 0
22611 0 3 0
20876 0 10 0
11750 2 9 2
11750 2 8 0
17627 6 18 1
28205 7 14 0
23518 3 9 0
17698 3 4 0
11719 2 2 0
11719 2 4 0
15068 3 6 0
40466 1 4 0
14438 3 7 0
105750 0 6 0
19627 2 5 0
70500 0 4 0
12735 0 2 0
11750 9 24 0
12461 7 28 0
13100 1 3 0
11859 1 2 0
21169 0 2 2
14970 1 8 0
14970 0 2 0
18869 0 2 0
29945 0 14 0
20262 3 2 0
44917 1 8 0
29945 0 8 0
118675 0 4 0
81075 0 3 0
197400 0 13 0
82250 1 8 0
54380 0 2 0
110450 0 34 0
74025 1 19 0
19702 0 5 0
51465 2 5 0
31670 0 2 0
76182 0 4 0
13454 0 5 0
51562 0 22 0
41630 0 4 0
25590 0 2 0
27436 0 15 0
11750 1 15 0
19836 0 19 0
25478 0 18 0
213850 0 35 0
70500 0 2 0
35955 0 5 0
32195 1 39 0
66975 0 6 0
31725 0 4 0
24675 0 7 1
20562 0 0 0
54074 0 5 0
51803 0 14 0
70500 1 10 0
49826 1 10 0
55003 0 12 0
40845 0 8 0
40845 1 7 0
62225 1 4 0
65683 1 41 0
34138 0 5 0
33104 1 10 0
41975 0 9 0
30095 0 25 1
17128 2 4 0
26880 0 1 0
98088 1 13 0
70500 1 6 0
41826 1 8 0
37347 5 32 0
73691 5 8 0
102070 1 18 0
37342 5 2 0
47799 1 14 0
59746 1 19 0
88125 1 11 0
88125 1 5 0
74025 1 8 0
70500 1 4 0
25161 1 5 0
97525 3 3 0
35250 1 2 0
21099 2 0 0
117500 3 11 0
21099 1 3 0
35250 2 3 0
39950 5 5 0
44650 4 7 0
23648 2 5 0
76369 2 7 0
19090 2 3 0
58750 0 0 0
47000 1 4 0
47000 0 7 0
58750 0 8 0
35250 1 4 0
35250 1 0 0
35250 1 4 0
23500 1 3 0
35250 1 9 0
23500 0 3 0
23500 1 0 0
23500 1 3 0
17625 1 4 1
23500 1 5 0
35250 1 2 0
17625 1 8 0
17625 1 9 0
17625 1 10 0
25743 0 0 0
70500 1 4 0
58750 1 5 0
15480 1 4 0
66460 3 20 0
48020 3 0 0
41285 3 15 0
35250 4 12 1
11748 1 9 0
88125 2 0 0
47000 1 4 0
17625 1 6 3
14545 3 5 0
11748 3 2 0
29376 1 21 0
58750 3 5 0
88125 1 11 0
70500 4 19 0
17625 2 13 0
76376 1 8 0
17322 2 9 0
25590 0 21 0
34122 3 12 1
176250 0 5 0
17915 7 36 1
13057 1 6 0
58750 0 39 0
11938 8 31 0
176250 1 10 0
176250 2 19 2
17709 2 19 0
39768 1 8 0
38775 6 22 0
18480 0 7 0
32311 7 7 0
25762 3 4 0
38775 7 1 1
43301 8 33 5
47000 2 10 0
105501 1 3 0
42878 4 6 0
58750 2 14 0
19976 1 2 0
32900 1 1 0
21150 2 2 0
48174 1 13 0
15274 1 0 0
44650 2 22 0
14687 1 1 0
52874 1 6 0
84600 1 3 0
35250 1 3 0
23500 1 3 0
14688 1 9 0
35250 1 2 0
15274 1 5 0
29374 1 12 0
14689 1 0 0
19976 1 7 0
14688 1 2 0
17626 1 0 0
11750 1 3 0
17626 2 7 0
15274 2 18 0
21150 1 0 0
23500 3 0 0
14100 1 2 0
64624 1 0 0
29374 1 8 0
29374 1 9 1
23500 1 25 0
21150 1 2 0
11750 1 11 0
17626 1 3 0
47000 1 0 0
28200 1 0 0
23500 1 0 0
17626 2 10 1
11750 1 8 0
17626 1 2 0
35250 1 5 0
188000 1 0 0
11750 1 11 0
99874 1 1 0
16850 4 3 0
16850 4 8 0
25274 6 28 0
11750 7 16 0
42306 7 16 0
11750 5 13 2
39950 5 22 0
56400 1 0 0
11750 1 4 0
23500 2 4 0
58750 1 10 0
24675 3 0 0
79900 1 6 0
24205 0 0 0
23500 1 6 0
42888 1 4 2
42888 2 6 1
29375 2 3 1
33487 1 2 0
32430 1 1 0
31725 1 20 1
94000 4 16 0
70500 1 3 0
58700 2 15 0
58800 1 8 0
58800 3 12 1
70500 1 7 0
70500 1 10 11
47000 2 12 0
58700 1 0 1
32900 1 11 6
32900 2 6 0
51888 1 5 1
28200 3 6 0
14100 1 4 0
17625 1 0 0
14100 2 0 0
17625 2 2 0
12925 1 0 0
29375 1 1 3
14100 4 1 0
14100 2 12 0
23500 0 0 0
16450 3 1 0
14100 0 6 0
17625 1 2 0
12925 1 10 0
17625 0 4 0
14100 3 5 0
17625 2 0 0
17625 1 0 1
12925 2 6 0
23500 1 10 0
12925 2 18 0
16450 0 6 0
16450 2 7 0
14100 0 3 0
14100 1 5 0
17625 1 1 0
14100 3 3 2
12925 1 5 0
17625 1 4 0
42300 3 1 0
16450 0 3 0
17625 2 7 0
14110 0 0 0
23500 2 4 0
24019 2 6 0
19975 3 4 0
23500 1 5 0
31725 1 4 0
83430 1 2 0
44358 1 0 0
21150 2 2 1
83430 0 2 0
19975 0 13 0
47000 1 6 0
83430 0 2 0
16945 0 5 0
21150 3 4 0
47000 0 11 0
17625 1 8 0
23504 1 4 0
93354 0 3 0
32900 0 2 0
47000 0 0 0
62275 0 6 1
23500 0 1 0
21150 0 2 0
21150 1 1 0
21150 0 5 0
21150 1 20 0
22381 0 0 0
21150 0 4 0
21150 0 2 0
54238 0 2 0
31794 1 6 0
23500 1 42 0
35660 1 5 0
29375 0 1 0
35250 2 11 0
11750 0 2 0
58750 0 29 0
11750 0 3 0
29375 0 2 0
23500 0 4 0
57450 0 8 0
36877 0 10 1
14962 5 1 0
19975 1 18 0
19975 3 40 0
11750 0 0 0
16248 1 2 0
19975 0 10 0
39950 0 6 0
39950 4 36 0
39950 1 0 0
23500 0 9 1
45825 0 7 0
59570 1 6 0
104733 0 3 0
31794 3 10 0
17625 3 9 1
35250 1 8 1
11750 1 0 0
14962 1 15 0
11750 0 3 0
94000 1 1 0
117500 3 12 0
235000 4 8 0
117500 3 12 0
23173 5 5 0
66975 3 18 0
85540 2 7 0
59549 3 7 0
59020 3 11 0
258503 1 11 0
51121 1 8 0
55815 2 5 0
124414 0 2 0
16457 4 3 0
58750 6 27 0
19954 0 1 0
12515 0 0 0
11932 4 0 0
19954 4 3 0
43140 1 13 0
19954 0 1 0
16286 4 3 0
26525 3 167 0
13495 4 1 0
17691 4 2 0
23501 0 7 0
16457 4 6 0
58749 0 16 0
31397 1 4 0
13456 4 6 0
13040 4 10 0
27036 1 5 0
11951 3 5 0
15773 3 6 0
21669 0 5 0
15057 1 11 0
11981 4 7 0
12960 4 5 0
35176 2 3 0
35176 4 6 0
35252 2 0 0
11750 0 1 0
43724 0 4 0
15510 0 0 0
11750 0 3 0
26355 0 4 0
11750 3 3 0
14634 2 26 0
11750 0 2 0
27014 4 14 0
11750 0 0 0
11750 2 4 0
11750 0 2 0
54041 0 4 0
11750 0 1 0
19189 0 3 0
11750 1 2 0
11750 0 1 0
33876 0 8 0
11833 0 3 0
12845 0 2 0
32900 0 3 0
26673 0 6 0
35208 0 6 0
11750 0 4 0
22374 0 26 1
27217 0 9 0
15667 1 3 0
16596 0 1 0
47807 1 2 0
11750 1 9 0
20354 1 5 0
26703 0 12 0
62315 1 4 0
27374 1 6 0
28090 1 4 0
22623 0 5 0
11750 0 1 0
34224 1 12 0
33359 0 1 0
18032 0 7 0
17742 1 9 0
32430 0 7 0
18753 0 15 0
21669 0 6 0
23265 0 0 0
38555 0 2 0
20876 1 6 0
38648 0 10 0
32900 1 19 0
11750 0 10 0
45764 0 36 0
12504 1 28 0
75223 0 54 0
26147 0 12 0
19993 3 5 0
11873 3 9 0
24173 0 8 0
11750 1 18 0
22148 0 3 0
18696 0 1 0
19513 0 3 0
22160 1 8 0
64288 0 0 0
52315 1 17 0
34572 0 0 0
23500 1 7 0
23500 0 2 0
19387 0 3 0
23500 1 3 0
12925 1 5 0
23500 0 5 0
14217 1 2 0
23500 0 14 0
19387 0 2 0
25850 0 2 0
11750 0 2 0
11750 0 2 0
11750 1 6 0
11750 0 0 0
11750 4 11 0
11750 1 2 0
11750 0 3 0
58750 1 60 0
11750 0 5 0
12924 4 9 0
11750 0 11 0
35250 0 6 0
11750 1 18 0
23500 0 6 0
19974 0 21 0
23500 0 6 0
70500 4 23 0
52874 2 34 1
29374 2 26 0
14100 0 15 0
14100 1 22 0
14100 1 23 0
18800 0 1 0
14100 0 10 0
18800 0 2 0
36424 2 41 0
82250 3 83 1
30550 0 2 0
36424 0 10 0
47000 0 31 0
23500 0 4 0
23500 0 1 0
23500 0 1 0
18800 1 15 0
12924 0 0 1
12623 0 4 0
11750 0 7 0
11750 0 3 0
11750 0 7 0
15392 0 3 0
11750 0 4 0
23500 4 3 0
23030 0 1 0
11750 0 3 0
23500 0 2 0
13982 0 1 0
11750 0 13 0
23500 1 7 0
11750 3 2 0
36190 0 4 0
11750 2 3 0
28552 0 1 0
12572 0 0 0
19270 0 3 0
15275 0 3 0
14100 0 1 0
61217 0 27 1
23500 0 2 0
36660 0 8 0
18800 0 12 0
32430 0 9 0
37130 1 28 0
36660 0 2 0
40655 3 12 0
41125 1 8 0
11750 1 11 0
27965 10 12 0
32430 0 16 0
26320 0 2 0
34310 0 9 0
14217 1 17 0
44742 0 3 0
23265 0 10 0
14217 0 4 0
42887 0 24 0
23970 1 14 0
23852 0 15 0
22207 2 22 0
57574 0 18 0
11750 0 8 0
27142 2 17 0
28317 0 17 0
11750 1 16 0
19387 0 6 0
15745 0 5 0
37600 9 177 2
11750 1 4 0
14910 0 9 1
23382 1 33 0
11750 0 8 0
23500 2 8 0
36918 1 17 3
21209 1 49 1
22795 0 16 0
48410 15 92 0
39950 1 110 4
25579 1 11 2
17272 2 24 0
13630 2 33 0
22525 0 36 0
44062 2 36 0
24040 0 28 0
32900 1 43 0
27918 3 51 0
17120 0 6 0
11750 0 12 0
21577 0 32 0
11750 0 5 0
14100 1 33 0
118000 5 19 0
11750 1 2 0
23500 0 5 0
118000 2 41 0
11750 0 8 0
118000 1 21 0
12920 0 10 0
69983 1 4 0
11750 1 12 0
11750 2 1 0
45556 7 27 1
11725 4 5 0
23692 2 21 0
67901 13 19 2
11725 3 5 0
69040 4 32 0
92965 6 5 0
41095 4 15 0
19939 4 67 1
17731 4 22 0
11725 5 0 0
11725 7 28 0
11747 2 3 0
29814 3 9 0
20233 1 1 0
25608 3 14 0
31527 2 8 0
20684 2 0 0
40372 3 12 0
23494 2 3 0
19399 7 17 0
11747 5 19 0
25220 1 5 0
46527 3 22 0
25304 1 8 0
38768 1 5 0
46527 0 6 0
25200 2 3 0
22087 1 8 0
28954 0 0 0
11760 5 8 0
25380 1 4 0
11750 0 4 0
23500 0 1 0
40208 2 12 0
11750 0 2 0
23500 0 3 0
35103 0 9 0
11750 1 1 0
23500 1 6 0
27753 0 2 0
11750 0 1 0
54243 0 15 0
25380 0 2 0
39762 0 1 0
23729 1 2 2
22642 0 1 0
36771 1 3 0
19387 0 3 0
18030 0 7 0
95132 0 19 0
42770 0 4 0
17096 0 6 0
93840 0 2 0
39268 0 15 0
11879 0 1 0
18876 0 1 0
29157 0 6 0
11879 1 1 0
26590 0 1 0
28153 1 0 0
38358 0 1 0
11750 0 2 0
11750 0 3 0
11750 0 4 0
21620 1 2 0
13630 2 8 0
12925 2 9 0
13630 0 11 0
16870 0 5 0
24085 0 11 0
14570 0 3 0
19035 2 20 0
12925 0 11 0
12925 0 1 0
12925 0 6 0
12925 1 19 0
23500 0 2 0
14522 1 20 0
15350 3 25 0
11700 1 22 0
117498 0 9 0
119256 0 3 0
29375 0 0 0
70499 0 0 0
44672 0 0 0
14683 0 7 0
12722 0 6 0
49587 4 43 2
14217 0 7 0
53124 0 12 0
24640 0 13 0
14580 0 8 1
29350 0 11 0
11750 0 2 0
18109 0 5 0
30612 1 6 0
86593 0 4 0
11750 0 5 0
23500 0 4 0
47000 0 3 0
58750 0 6 0
35250 0 0 0
47000 0 9 1
14100 0 0 4
19975 0 0 0
14100 0 0 0
23500 0 1 0
35250 0 2 0
35250 0 7 0
29375 1 1 0
17625 0 0 0
17625 0 5 0
25850 0 0 0
35250 0 0 0
18040 0 1 0
17625 0 0 0
23500 0 3 0
18213 0 4 0
23500 0 0 0
11750 1 7 0
37600 1 2 0
105750 0 0 0
105750 0 0 0
105750 0 1 0
235000 0 3 0
184475 0 3 0
12168 2 2 0
14598 1 20 0
12925 1 5 0
17672 2 11 0
11820 1 5 0
12173 2 2 0
23500 1 0 0
23500 3 0 0
11750 3 4 0
12789 1 1 0
35250 1 8 0
28600 4 15 6
50473 2 10 0
12375 3 30 1
42281 2 7 0
23505 3 12 0
15877 1 2 0
11839 1 12 0
11750 0 2 0
15233 0 5 0
36420 2 8 0
17879 1 2 0
11750 0 2 0
15331 1 1 0
11750 0 10 0
16290 1 2 0
35250 1 7 0
16097 2 5 0
11750 1 2 0
11783 1 1 0
56851 0 12 0
19200 1 0 0
32590 1 4 0
19773 1 7 0
19322 3 8 0
35250 4 7 0
14908 1 6 1
12967 1 3 0
14683 0 2 0
11750 0 1 0
18288 2 21 0
20398 0 12 0
11750 9 0 0
14100 1 10 0
12408 0 14 0
35250 8 26 0
29995 2 9 0
11750 1 2 0
35250 2 10 1
17508 0 0 0
22203 0 15 1
11750 4 11 0
35250 2 6 0
28200 1 0 0
17761 0 0 0
21408 0 6 1
37600 2 3 0
17625 4 11 0
11750 3 9 0
22325 0 1 0
11750 1 1 0
15985 1 5 0
16624 2 6 0
28783 1 7 0
14462 1 12 0
12286 1 4 0
12685 1 8 0
66688 2 4 0
13766 4 15 0
17508 4 0 0
36359 1 8 0
29544 2 9 0
61514 1 4 0
29375 2 5 0
35250 1 4 0
35250 2 6 2
35250 8 37 0
35250 2 4 0
35250 1 7 0
42300 1 12 0
35250 1 4 0
35250 0 11 0
40580 2 12 0
26649 0 8 4
11750 4 3 0
70500 0 6 0
21150 1 0 0
84600 1 0 0
25850 0 5 0
45825 1 7 0
84600 0 9 0
35250 2 3 0
11750 1 3 0
21150 3 4 0
11750 1 3 0
59925 1 18 0
28200 1 5 0
31725 2 8 0
14100 1 6 0
32900 1 4 0
186200 1 0 0
47522 2 11 0
11750 0 14 0
11750 0 2 0
22985 2 14 0
11750 0 7 0
112800 1 7 0
11750 0 2 0
11750 1 3 0
17624 1 1 0
17624 1 6 0
11750 1 5 0
12831 0 0 0
12831 0 4 0
17108 0 0 0
12831 0 3 0
12831 0 0 0
12831 1 10 1
12831 1 4 0
12831 2 3 0
65800 1 9 0
63450 1 13 0
25850 0 2 0
37600 2 19 0
34942 1 4 1
117500 0 10 0
89300 1 17 0
28200 1 10 0
117500 1 13 0
117500 1 10 0
117500 1 21 0
82250 10 67 0
23500 1 5 0
117500 1 20 0
91649 1 6 0
77550 1 9 0
66270 2 12 0
41360 0 22 0
36072 2 8 0
11750 0 4 0
12549 1 5 0
20045 3 34 0
12126 1 4 0
13959 0 0 0
20962 1 5 0
12878 0 4 1
15451 0 9 0
19975 0 2 0
16602 1 1 0
12701 1 0 0
12702 3 6 0
11750 0 0 0
12126 0 2 0
28587 1 2 0
12702 0 3 0
16215 1 9 0
11773 1 4 0
14640 0 8 0
20856 1 0 0
16320 0 14 0
23383 1 6 2
72561 0 22 0
26766 0 7 0
15921 0 14 0
33393 0 1 0
18353 1 2 1
32312 1 4 0
28082 1 18 0
11750 1 0 0
15298 1 0 0
19646 0 11 0
17155 0 0 0
17766 0 3 1
15521 1 1 0
23568 0 5 1
117500 0 2 0
35250 1 4 0
47000 0 2 0
35250 1 0 0
32418 0 1 0
29375 0 1 0
23500 1 0 0
41181 0 0 0
39000 3 3 3
17390 0 2 0
70647 0 3 3
31020 0 0 0
11575 1 0 0
11720 0 1 0
11700 0 6 0
11750 0 0 0
13983 1 0 0
10223 0 0 0
26438 1 1 0
15392 2 2 0
41071 3 7 0
91065 6 11 3
44837 4 4 2
81504 5 7 0
16280 5 17 0
76187 4 7 0
38594 1 1 0
18095 0 0 0
11750 0 6 0
29375 0 3 1
38513 0 2 0
32313 0 2 0
36190 0 1 0
19386 0 3 1
11750 0 2 0
113505 0 0 1
44650 3 12 0
44650 1 0 0
70500 1 0 0
58750 1 0 0
64573 1 0 0
44650 6 0 0
44650 1 0 0
29375 1 2 0
116911 3 0 0
44650 6 10 0
76901 4 18 0
44650 1 0 0
44650 1 2 0
58750 1 6 0
44650 1 0 0
116910 1 0 0
32898 3 5 0
116913 4 6 0
44650 8 5 0
44650 5 0 0
116917 1 0 0
29376 3 0 0
58750 1 0 0
76375 1 0 0
5655 1 0 0
41125 2 1 0
116911 3 0 0
44650 5 6 0
44650 1 0 0
113974 3 1 0
44650 1 4 0
116911 1 0 0
29376 4 0 0
44650 1 0 0
15510 1 10 0
15510 1 3 0
13830 3 4 4
12611 1 2 0
12925 1 3 0
15510 1 1 0
78584 8 12 0
16802 1 4 0
11969 1 1 0
69795 1 7 3
13507 3 11 0
11831 3 6 0
11831 3 13 0
11831 0 7 0
70500 2 12 0
88125 1 2 0
299625 8 27 0
64625 1 2 0
58750 1 0 0
47000 1 1 2
58750 2 7 0
47000 1 9 0
58750 1 2 0
199750 2 17 0
50465 1 0 0
70500 2 3 0
76375 2 7 0
41125 1 3 0
23500 1 4 0
23500 3 1 0
74025 1 3 0
64625 2 6 0
29375 1 10 0
342160 2 4 0
129250 1 3 0
129250 2 2 0
129250 3 4 0
82250 1 0 0
94000 1 8 0
163560 1 2 0
82250 1 11 0
29376 2 4 0
17532 0 0 1
11750 1 2 0
16650 1 3 0
25850 0 0 0
28200 1 6 1
17626 0 6 0
28940 3 6 0
11750 1 0 0
18104 0 1 0
18682 2 17 0
11750 0 5 0
11750 0 2 0
18800 0 6 0
18283 1 3 1
23500 1 7 0
18968 1 6 0
17500 0 3 1
20541 0 0 0
20541 0 5 0
24678 3 4 0
19978 1 15 0
25854 1 0 0
25854 1 3 0
20175 0 2 1
25854 0 0 0
23500 1 1 3
25854 0 4 0
23500 0 3 0
25854 2 3 0
19977 1 0 0
22647 1 40 0
22324 6 35 0
21150 1 4 0
7269 3 13 0
7269 2 5 0
7269 1 2 0
7267 1 10 0
7267 0 8 0
7269 2 9 0
7269 1 9 0
31726 0 8 0
21150 0 3 0
23500 0 6 0
11750 1 11 0
11750 1 5 0
23500 1 4 0
17626 1 7 0
17626 1 2 2
11750 0 5 0
11750 0 3 0
16450 0 0 1
11750 1 1 0
21150 0 3 0
16450 2 7 0
14100 2 5 0
14100 0 3 3
17626 0 11 0
17626 1 25 0
15276 0 4 0
17626 0 8 1
11750 2 6 0
19976 1 4 0
11750 0 12 0
16450 0 3 1
21150 4 11 0
11750 0 6 0
28200 1 13 0
11750 1 4 0
30550 1 19 0
11750 1 11 0
11750 0 6 0
12926 2 10 0
11750 1 5 0
11750 3 9 0
23500 3 18 0
12926 1 10 0
17626 1 6 0
68928 48 148 8
16057 1 16 0
31291 0 14 0
29916 2 35 2
23596 4 5 0
15383 0 0 0
18980 0 12 0
25623 1 12 1
12372 1 2 0
38778 0 3 0
25847 0 3 0
12415 1 8 0
53519 0 9 0
40717 0 1 0
22145 1 63 0
14758 0 21 0
14185 4 22 0
47577 0 14 1
13023 1 8 0
18105 1 5 0
44074 0 18 0
17525 0 5 0
21526 0 14 0
12369 0 17 0
19964 0 5 0
14439 0 4 1
20925 2 19 5
21913 0 8 0
29567 0 4 0
47130 2 4 0
12952 0 8 0
13618 0 10 0
22425 0 11 0
20001 0 5 0
12943 0 2 0
17867 0 5 0
29150 0 3 0
44177 1 14 1
12315 0 5 0
26364 0 18 0
29444 1 20 0
29025 1 18 0
44519 2 8 2
18454 0 3 0
45725 0 6 0
18788 1 4 0
18114 0 4 0
13137 0 0 0
24127 0 4 0
37818 0 4 0
35454 0 0 0
13930 0 0 0
20143 0 4 0
15617 0 4 0
31224 0 0 0
17155 0 2 0
12664 0 2 0
12806 0 3 0
12644 0 0 0
30710 0 2 0
11870 2 4 0
13930 0 0 0
13545 0 0 0
12082 3 10 0
12452 2 8 0
12452 3 6 0
12931 4 10 0
11883 4 4 0
11880 3 6 0
11880 1 2 0
11880 2 3 0
94000 1 10 6
70500 0 2 0
131812 0 5 0
70500 2 3 1
70500 0 2 0
41125 1 6 0
23500 0 3 1
105750 2 5 0
105750 0 6 0
88126 2 5 1
58750 0 10 1
94000 0 4 0
58750 0 4 1
58750 0 3 0
70500 0 4 0
58750 0 8 0
190000 0 0 0
120961 0 7 0
190000 0 7 0
36000 0 0 0
17700 2 7 0
24000 0 1 0
11000 1 5 0
43000 0 0 0
13000 0 5 1
13000 1 0 0
11000 0 2 0
13000 0 7 0
19000 0 0 0
13200 0 2 0
18000 0 3 0
12000 0 1 1
12000 0 1 0
20739 0 3 0
11745 2 2 0
11745 0 2 0
20493 1 0 0
19630 1 3 1
11775 1 3 0
11745 2 2 0
11745 4 1 0
11745 2 4 1
29375 0 3 0
30550 0 1 0
28200 0 4 0
37600 4 3 0
29375 1 0 0
28200 1 2 0
39950 0 0 0
35250 0 14 0
27025 1 1 0
30550 1 10 1
23500 1 6 0
29375 2 4 0
30550 1 2 0
23500 1 4 0
36096 2 2 0
34075 1 9 1
32900 1 0 0
23500 0 2 0
82250 1 3 0
117500 0 2 0
82250 2 18 0
70500 0 1 0
82250 2 2 0
70500 3 1 0
70500 4 6 0
141000 1 4 0
105750 0 4 0
82250 3 18 0
94000 6 0 1
117500 4 8 1
76375 0 5 0
117500 2 1 0
60111 2 10 2
59135 3 3 1
117409 2 4 0
81917 2 2 1
117409 6 31 0
58785 2 11 0
58765 3 3 2
70309 1 3 0
58784 1 3 4
22322 1 8 0
12925 2 6 0
117500 4 62 1
38772 3 11 2
28576 0 0 0
47000 3 8 0
27027 5 10 21
19973 0 6 0
41123 2 10 1
29377 2 26 0
12930 0 30 0
11750 2 11 0
29373 2 29 11
105750 4 10 4
79032 1 30 1
135453 1 12 4
97092 1 10 1
16771 2 8 4
32140 1 8 0
41442 4 7 0
91529 0 17 0
133480 0 6 2
211500 0 8 2
35170 0 5 1
11750 0 21 6
23500 1 8 1
14338 2 3 0
11750 2 3 0
11750 1 14 3
11750 1 6 0
11750 1 14 0
58163 1 5 0
51700 1 12 0
58163 1 7 0
17625 3 3 0
11750 1 8 0
11750 2 5 0
17517 1 6 0
16669 1 16 0
12149 1 9 0
38424 0 8 0
15820 0 0 1
16669 1 27 0
16669 4 125 0
32208 0 3 0
17799 0 5 0
12149 1 17 0
13844 0 1 0
22602 1 13 0
21470 1 8 0
16388 2 13 0
12149 4 29 0
55695 7 13 0
11750 0 9 0
13513 1 15 0
11750 0 6 0
15980 2 16 2
53968 3 15 0
26790 1 2 0
12573 1 13 1
11750 5 5 4
33957 3 6 0
11750 1 10 0
89887 4 10 0
11750 1 11 0
58163 0 10 0
147932 0 0 0
11750 0 3 0
59925 3 9 3
19035 0 7 0
19975 2 26 0
81662 1 3 1
98818 2 32 0
48763 3 61 0
12338 3 62 6
111625 5 19 0
65800 2 17 0
41125 2 10 0
63450 4 12 0
11750 1 17 0
35955 4 16 13
11750 1 3 0
11750 1 13 0
48763 3 13 7
15275 1 0 0
20210 3 10 0
14100 4 11 0
59338 1 8 0
127722 11 30 1
17625 4 25 0
12338 2 19 0
11750 0 0 0
70500 1 6 0
70500 1 18 1
94000 1 10 0
70561 1 8 0
12570 1 2 0
12100 1 8 0
19270 7 52 1
12220 1 24 3
13749 1 15 0
11990 2 26 0
17063 0 5 0
11985 1 16 0
11985 4 40 0
11750 1 3 0
11750 1 11 0
24710 0 1 0
11750 1 11 0
11750 1 4 0
11750 1 1 1
11750 1 17 0
49150 0 0 0
11750 1 3 0
58750 1 12 0
54312 1 24 2
58750 1 21 0
46918 0 3 0
24252 6 1 0
94120 4 23 4
70570 1 7 1
117121 3 21 0
59988 2 4 0
56453 1 2 0
117730 1 9 0
17625 0 0 1
58750 0 4 3
111625 0 1 1
11750 1 1 1
47000 0 3 0
58750 0 6 0
29375 1 1 0
47000 0 8 0
17625 0 2 0
17625 0 1 0
47000 0 1 0
35250 0 8 0
47000 0 9 2
47000 0 3 0
20562 0 4 0
25850 1 3 3
11663 0 0 0
117500 1 3 0
143143 1 0 0
117500 1 3 4
117500 0 0 0
14100 3 11 0
38764 1 12 0
48702 5 68 4
14688 3 18 0
14218 0 3 0
141000 0 40 0
11864 6 72 0
37721 0 5 0
12502 0 6 0
35296 0 14 0
37124 1 15 0
20481 0 3 0
12857 0 26 0
18457 1 31 0
23388 1 3 0
12765 0 2 0
11853 0 6 0
27184 1 7 0
27026 3 0 0
16139 0 25 0
18147 1 16 0
21262 1 11 0
67614 2 15 0
19116 2 2 2
19116 1 7 0
60894 0 20 0
11750 1 14 0
21115 1 5 0
84390 1 7 0
17242 0 9 0
62132 0 35 0
49050 3 35 1
12549 0 17 0
12902 0 12 0
18035 0 9 0
21045 3 23 1
16689 1 50 0
21107 1 6 0
33566 0 4 0
21977 1 9 0
15782 2 10 0
21715 1 25 0
12799 1 29 0
11750 1 8 0
15189 0 9 0
12479 0 12 0
44172 0 8 0
34962 0 45 0
12177 0 4 0
11750 1 30 0
18702 1 31 0
11750 0 12 0
38775 0 58 5
115503 2 12 0
132911 2 8 0
103400 2 7 0
158006 4 12 0
156304 3 9 0
145113 1 6 0
88125 0 7 0
97402 0 9 0
88125 1 9 0
122684 3 5 0
81749 1 7 0
52758 0 8 0
214738 1 11 0
106899 0 15 0
249998 3 11 0
21526 0 5 0
194908 6 16 0
296048 2 20 0
132188 0 21 0
293750 1 6 5
73385 1 15 1
146875 2 17 1
50279 0 20 0
106603 1 29 1
38145 1 20 0
111831 2 23 2
93400 0 14 0
95768 1 16 0
75135 0 42 0
53779 1 11 5
78438 1 31 0
68459 0 39 0
167861 0 3 0
35250 1 16 0
52445 0 4 0
35250 0 7 0
55884 0 8 2
69351 0 6 0
121370 0 4 0
41841 1 1 0
243053 0 9 0
53033 0 5 0
39933 0 6 0
29491 1 5 0
41128 0 3 0
41128 0 4 0
23818 1 0 0
46801 2 6 0
35172 0 3 0
35172 0 3 0
29491 0 2 0
23818 0 2 0
49040 0 2 0
49040 0 2 0
49126 0 5 1
49040 0 5 0
117241 0 5 0
11868 1 4 0
42641 2 20 0
17585 2 13 0
11849 0 8 0
12395 0 7 0
11750 1 7 0
22312 1 8 0
11931 1 6 0
23929 1 2 1
12395 1 20 0
11750 1 8 0
14380 2 15 1
35342 0 1 0
28758 1 9 0
20479 1 21 0
11750 0 2 0
112552 2 0 0
35699 1 15 0
16450 0 0 0
87761 0 2 0
50080 1 18 0
123304 3 18 0
16450 0 3 0
173195 2 43 0
261450 16 30 0
35837 1 11 0
12807 0 2 0
14100 1 4 0
33135 1 3 0
72850 1 15 0
15275 3 5 0
26952 1 8 1
36307 1 8 0
23500 1 6 0
51582 1 3 1
21385 2 10 0
40185 1 12 0
20562 1 3 0
33252 4 34 4
21855 1 6 0
16685 4 7 0
12807 1 14 0
25611 1 13 0
41007 1 1 0
21737 1 1 0
22325 0 1 3
110105 2 8 1
131247 2 8 2
11750 2 10 0
29022 0 4 0
117478 0 1 0
24205 1 7 0
14805 0 4 0
17390 5 5 0
140647 0 9 2
29375 2 5 0
15275 0 7 0
205625 1 5 0
25967 0 8 0
36190 1 0 0
44650 2 25 1
129250 0 7 0
11750 2 7 0
23735 1 11 0
130425 1 7 2
26158 1 0 0
11750 1 2 0
98340 0 4 0
106330 0 15 0
42650 0 21 0
30195 0 4 0
83300 1 14 3
68780 1 5 0
28900 0 4 1
320630 1 6 2
73430 1 3 3
47820 0 2 0
140280 1 0 0
469960 0 2 0
479855 0 6 0
23500 0 8 0
56047 0 10 0
81898 0 5 1
37012 1 4 0
20445 0 6 0
45698 0 1 0
18800 0 3 0
18800 1 0 0
25027 0 2 1
24793 0 3 0
199750 1 26 1
141000 1 32 5
64625 1 5 5
15660 1 2 4
11753 1 8 0
17625 1 3 0
17625 1 11 0
47000 1 26 0
17625 1 3 0
17625 2 3 0
11750 0 2 0
17625 3 5 0
23500 1 3 0
17625 2 3 0
17625 1 30 0
17625 1 3 0
17625 1 4 0
17625 0 4 1
17625 0 3 0
29375 1 3 1
17625 0 0 0
11750 1 3 0
11750 2 4 0
17625 0 6 0
23500 1 0 0
90475 5 10 3
19468 2 11 0
17625 2 7 0
11750 0 3 0
82250 5 21 2
11750 4 4 0
94000 0 6 0
17625 1 7 0
58750 2 3 0
235000 3 4 1
12922 1 1 0
12867 1 0 0
12867 1 5 0
12867 3 2 0
12867 1 0 0
12867 1 9 0
12867 2 3 0
23500 1 2 1
23500 1 3 0
23500 0 7 0
23500 0 15 0
35250 2 13 1
17625 0 7 0
23500 0 12 0
35250 0 5 0
23500 0 11 0
23500 0 11 0
26658 1 12 1
23500 0 6 0
35251 1 5 2
29375 1 7 0
17625 1 3 0
29375 0 11 0
22646 1 2 0
18930 1 5 0
18930 1 4 0
18931 0 7 0
18930 0 0 0
190350 4 67 0
83507 0 47 0
37600 0 15 0
37600 3 23 0
88125 4 2 0
62275 3 19 0
15276 0 3 0
31725 0 4 0
25850 0 29 0
47000 1 5 0
94000 2 5 0
41125 0 5 0
23500 1 46 1
71039 1 5 0
28778 2 37 3
28778 1 6 0
16870 0 0 0
15265 0 8 0
14824 4 3 0
12454 1 7 0
12565 0 7 0
82015 1 6 0
36895 2 57 0
51282 2 12 0
108650 1 2 0
58750 1 1 0
141000 2 7 0
47000 1 5 0
47000 1 3 0
47000 1 5 0
47000 1 7 0
82250 1 8 0
82250 1 7 0
115150 0 3 0
58750 1 1 1
105750 1 5 0
58750 1 4 0
58750 1 1 0
50000 1 2 0
82250 1 1 0
88126 1 7 0
112800 1 4 0
47000 1 0 0
128074 1 7 0
105750 0 4 0
35836 0 20 0
58750 0 8 0
11750 1 6 1
11750 1 3 0
39950 3 7 0
14100 0 9 0
23500 0 4 0
12924 0 13 2
45236 4 16 0
96350 0 9 0
52874 0 5 0
37600 0 6 0
59924 0 7 0
25850 0 7 0
11750 0 4 0
23500 0 0 0
23500 0 5 0
29374 0 3 0
31724 0 12 0
105750 0 7 0
23500 0 2 0
23500 0 4 0
35250 0 0 0
65800 0 10 2
25850 0 6 1
71674 0 25 0
16450 1 9 2
23500 0 0 0
12924 0 4 0
11750 0 9 0
23500 0 7 0
23500 0 3 0
23500 0 5 0
31724 0 4 0
35250 2 8 0
12335 0 2 0
35250 0 33 0
18209 0 6 0
18800 1 11 0
17624 0 15 0
18800 0 0 0
23500 0 0 0
23500 1 4 0
25850 0 6 0
11750 2 17 2
11750 1 1 0
23500 1 8 0
88124 1 9 1
32900 3 20 6
14100 0 8 0
11750 0 1 0
11750 4 2 0
70500 0 7 1
23500 0 1 0
11750 0 1 0
35250 1 9 0
85774 0 8 0
85774 0 5 0
39950 1 4 0
29374 1 2 0
23500 4 17 1
11750 0 13 0
23500 0 4 2
23500 0 9 0
18800 0 5 0
12335 0 3 0
82250 0 0 0
116324 0 2 0
51700 0 6 0
49350 1 18 0
23500 0 3 0
27375 1 7 0
25850 0 5 0
38774 0 4 0
23500 1 5 0
23500 3 5 0
18209 4 6 0
18800 0 10 0
29374 0 3 0
23500 0 6 1
23500 1 2 0
23500 0 0 0
64035 0 11 0
95174 0 11 0
29374 0 18 0
11750 0 8 0
27024 1 15 4
52285 0 21 0
12924 8 3 0
11750 0 12 0
41124 1 21 0
112800 0 4 0
23500 7 19 0
24699 1 12 1
88171 2 8 0
77432 2 13 0
58550 0 7 0
47000 2 5 0
58750 2 9 0
65800 2 5 0
58750 2 5 0
58750 1 16 0
35250 2 7 0
82250 2 1 0
21094 0 7 0
30578 0 5 0
36730 1 8 0
20680 0 18 0
21935 1 3 0
12399 0 5 0
32313 2 8 0
26641 1 10 0
12925 1 12 0
23500 0 1 0
16206 0 3 0
13386 2 12 0
54050 0 32 0
38775 0 14 0
39950 0 9 0
29610 0 6 0
24675 0 1 1
25850 1 11 0
17390 1 4 0
39480 0 2 0
39480 1 3 0
19834 0 3 0
29375 1 4 0
43475 0 2 0
11750 0 5 0
11750 0 6 0
32665 0 3 0
24557 0 3 0
28553 0 12 1
35250 1 18 0
13630 0 7 0
20680 1 20 0
16015 0 13 0
17625 2 12 0
23500 1 6 0
56400 0 0 1
64625 0 19 0
69325 0 4 0
25850 0 2 0
14100 0 4 0
68150 1 3 0
39950 0 0 0
28815 0 7 0
16685 1 3 0
11750 0 5 0
19974 0 11 0
15510 0 1 0
12807 0 17 0
12925 7 0 0
13021 2 0 0
17625 3 2 0
14254 5 0 0
11738 3 9 0
11738 2 18 0
14169 1 1 0
12940 9 3 0
11738 3 4 0
11738 1 2 0
11739 4 13 0
11739 2 15 0
11738 1 6 0
13508 4 19 1
13573 7 7 0
71087 0 5 0
12926 2 2 0
97457 0 11 0
141000 0 5 0
51700 0 2 0
25850 2 12 0
117500 0 10 1
32312 1 8 0
99523 2 11 1
58700 1 9 0
14100 2 15 0
58700 1 3 0
12900 1 1 2
12900 1 9 1
35300 1 17 0
66100 0 6 0
12100 2 20 1
15300 1 3 1
58700 0 19 0
58700 0 14 0
12100 3 8 1
20000 3 25 0
18800 1 11 0
22300 4 12 0
20000 1 2 0
18100 0 11 0
12900 3 3 2
58700 2 6 0
12100 1 11 0
16500 0 20 0
12100 6 8 0
12100 2 18 0
15300 0 8 0
58700 2 15 1
15300 0 3 0
15300 0 7 3
14100 0 11 0
15300 0 4 0
41100 11 3 0
12100 0 4 0
12900 0 2 0
37700 0 9 5
16500 3 9 0
25800 1 4 0
64600 4 11 6
15300 0 9 0
20000 1 5 0
35300 2 1 0
14100 3 6 0
15300 1 5 0
58700 0 7 0
16500 1 15 4
12100 1 6 0
12100 1 9 3
12100 0 6 3
35300 0 6 2
58700 1 0 0
14100 1 1 1
15300 0 3 0
14100 0 8 1
12900 0 8 0
15300 1 4 0
12100 0 5 1
12261 3 7 0
52900 1 4 0
18800 1 8 0
14100 1 3 0
12900 0 1 0
35300 0 8 1
15300 0 6 0
21100 7 9 0
12900 4 4 0
12100 3 39 0
14201 4 26 0
14201 5 9 0
105031 1 8 0
42605 7 27 9
40195 2 15 1
32153 0 17 0
19563 3 8 0
17625 1 8 0
17625 0 7 0
11750 0 3 0
28757 0 1 0
17625 0 6 0
23500 0 13 0
17625 0 8 0
17625 0 15 0
17625 0 2 0
13512 0 5 1
12926 0 5 0
13512 0 3 0
17624 1 7 0
13512 1 4 3
13277 0 8 0
11750 1 10 0
16849 1 3 0
15674 1 12 0
52992 2 0 0
77550 4 1 0
66435 3 1 0
46013 1 9 0
42652 4 2 0
15510 1 1 0
26367 3 5 0
32571 1 4 1
33346 1 3 0
36190 1 4 0
20680 1 3 0
56047 1 9 0
19387 1 3 0
31020 1 1 0
21973 1 2 2
19388 2 4 0
11750 1 6 0
18098 1 0 0
17525 2 8 4
25850 1 0 0
19388 2 1 0
11750 1 2 0
31480 4 5 0
23500 2 1 0
17625 1 24 0
23500 2 10 0
35250 1 0 0
17625 1 0 0
29375 1 4 1
29375 3 7 0
29375 1 3 0
29375 1 7 0
35250 2 7 0
35250 1 3 1
29375 1 9 0
35250 1 0 0
17625 2 7 0
17625 1 6 0
23500 2 5 0
23500 1 5 0
23500 2 3 0
47000 2 0 0
29375 1 4 0
47000 1 0 0
29375 2 5 0
47000 1 3 0
29375 1 2 0
35250 0 10 0
35250 1 2 2
47000 1 2 0
11750 2 2 0
23500 1 10 1
23500 2 2 0
34075 1 2 2
29375 2 3 0
117500 2 4 0
29375 2 1 0
35250 1 7 2
17625 1 4 0
29375 2 12 0
76375 1 10 0
199750 1 11 3
23500 3 2 0
23500 0 7 0
29375 2 2 0
35250 1 3 0
29375 1 6 0
34095 0 0 0
23500 2 1 0
29355 2 4 0
29375 2 11 0
17625 1 9 1
23500 2 15 0
47000 1 5 0
11750 2 0 0
141000 2 5 0
34544 1 11 0
29320 4 10 0
35840 0 0 0
35180 0 18 0
35200 0 8 0
29375 2 2 0
14099 1 7 0
35186 0 26 0
35250 1 0 0
25800 3 29 0
17600 1 1 0
35183 1 16 0
35200 1 5 0
25800 2 3 0
23440 0 6 0
23452 1 27 3
14100 1 5 0
12514 1 8 0
12513 1 8 2
12337 1 7 0
12514 3 4 0
13129 0 6 0
12514 2 24 1
12338 0 3 2
12337 0 5 0
14100 0 16 0
12924 5 0 0
115150 2 6 0
58750 3 1 0
23500 8 4 0
115150 2 5 0
42300 2 1 0
23500 1 21 1
70500 0 7 0
82250 10 44 2
11750 2 6 0
12924 6 8 0
23500 3 26 0
105750 3 8 0
11750 0 45 0
12924 4 9 0
28200 2 3 0
16450 0 0 0
23500 1 14 1
37600 0 9 0
12924 1 3 0
47000 0 5 0
14100 1 4 0
11750 0 14 0
23500 0 18 4
30550 1 7 0
44708 2 0 0
12924 2 2 1
115150 1 14 0
23500 13 0 0
28200 2 0 1
23500 1 23 0
23500 3 2 0
112800 0 7 0
11750 1 0 0
14100 0 4 0
11750 3 5 0
110454 3 6 0
82250 0 30 0
52875 1 2 0
59311 0 1 0
23500 1 12 0
47000 2 0 0
23500 1 7 0
19975 4 7 0
35250 1 1 1
35250 1 2 2
38775 4 12 0
19975 0 3 0
47000 1 1 0
23500 0 0 0
41125 1 5 0
29375 1 8 0
29375 0 3 0
23500 0 3 0
23500 0 3 0
23500 5 18 6
136300 0 8 1
41125 3 30 0
11750 0 4 0
15274 0 7 0
25041 0 3 0
11750 0 16 0
113036 0 16 0
73086 1 11 0
114248 0 24 0
11750 0 9 0
66975 0 28 0
194645 2 51 5
227149 0 11 0
100580 0 29 0
135337 0 30 8
11750 2 4 0
11750 2 4 0
11750 3 11 0
16450 5 8 2
23500 5 2 0
11750 4 7 2
14100 2 5 0
20648 3 7 0
17626 1 4 0
23500 1 2 0
23500 1 0 0
58750 1 1 0
23829 1 1 0
31725 1 1 0
11750 1 7 1
11750 0 14 0
11750 1 7 1
11750 2 2 2
11750 1 12 2
11750 4 10 0
11750 1 13 1
11750 1 11 0
11750 0 23 1
11750 5 15 0
11750 1 5 2
11750 0 5 0
11750 0 21 6
11750 0 1 2
35250 0 21 0
11750 0 8 1
11750 0 2 0
11750 0 15 0
12926 1 4 1
12925 0 2 1
11750 0 6 0
11750 2 3 0
11750 1 3 0
17695 2 0 0
18800 3 20 0
19035 0 0 0
18800 0 1 0
19035 0 2 0
18800 0 10 0
19027 0 4 0
17625 5 14 0
11750 1 0 0
11750 1 4 0
11750 2 5 0
16685 1 1 0
11750 0 3 0
11750 3 10 0
47000 0 6 0
24675 1 5 0
23500 1 1 0
17625 1 4 0
35250 1 4 0
23500 1 8 0
51700 1 14 0
35250 1 4 0
35250 1 5 2
54295 1 2 0
119850 2 4 0
115150 3 1 0
22325 1 4 1
14100 1 0 0
14100 0 5 0
17625 0 1 0
14100 0 10 0
21150 1 8 0
14100 0 6 0
11750 0 12 0
141000 0 13 1
50000 0 28 0
58750 0 2 0
70500 0 8 0
11750 1 5 0
23500 1 4 0
11750 1 8 0
11750 1 22 0
47000 0 4 0
94000 0 15 0
94000 1 6 0
58750 2 8 0
58750 3 4 0
11750 1 3 0
11750 1 1 0
11750 1 1 0
11750 0 7 0
11515 9 18 0
11750 2 0 0
11750 2 15 0
91370 0 13 0
111625 1 15 0
94000 0 8 0
105750 3 7 0
117505 0 17 0
214550 1 27 1
117505 0 8 0
88240 1 11 0
26870 1 4 0
26870 1 4 0
29375 1 5 0
29375 2 3 0
17625 0 1 0
41125 1 1 0
58750 0 6 0
58750 0 5 0
35250 4 14 0
81075 4 30 0
17625 1 6 0
29963 2 2 1
12337 2 4 0
94000 1 5 0
62980 2 5 0
39240 8 5 0
35260 1 3 0
39240 0 11 0
35260 2 6 0
39240 5 4 0
39240 2 25 0
45355 1 18 0
176250 3 20 0
64625 5 25 0
47000 3 4 0
35250 3 6 0
52876 2 3 0
11749 5 3 0
23500 0 6 0
23500 0 1 0
40655 0 5 0
5288 0 3 0
11750 0 0 0
12337 0 4 0
11750 0 0 0
11750 0 4 0
11750 0 6 0
18000 3 4 0
15500 2 7 0
11000 2 4 0
15000 5 2 0
12000 2 4 0
18000 2 0 0
18000 2 8 0
12000 2 0 0
11000 3 2 0
13000 2 4 0
23000 4 7 0
12000 2 3 0
16151 2 4 0
80041 0 5 0
14101 3 0 0
14230 0 33 0
14101 1 37 0
14101 9 37 0
11747 1 21 0
11747 6 12 0
11747 6 25 0
11747 3 34 0
14101 1 10 0
11747 4 16 0
12925 0 5 0
12925 0 8 0
12925 0 3 0
12925 0 2 0
12925 1 10 0
117500 0 0 0
117500 1 0 0
35250 2 0 0
47000 0 2 0
58750 0 0 0
58750 0 0 0
58750 1 0 0
35250 1 1 0
35250 1 0 0
58750 1 0 0
35250 1 3 0
35250 1 0 0
65213 1 0 0
35250 3 0 0
129548 0 10 0
66737 2 7 0
78514 1 11 0
58885 1 3 0
58885 4 17 0
11750 3 10 1
15666 0 9 0
11750 0 4 0
15666 0 2 0
15668 1 3 0
70000 1 16 0
39000 0 1 0
41000 0 1 0
40000 0 1 0
23000 1 2 0
27000 2 16 0
87000 0 0 0
100000 0 0 0
60000 0 7 0
40000 1 17 1
90000 2 2 0
110000 1 0 0
100000 2 2 0
80000 19 12 0
50000 3 11 11
48000 0 3 0
20000 1 0 0
20000 1 3 0
20000 1 0 0
100000 0 3 0
50000 2 6 0
50000 1 3 0
150000 3 6 0
26000 0 2 0
69843 0 47 0
71000 0 2 0
100000 0 4 0
75857 0 25 0
100000 0 11 0
69928 0 1 0
135000 1 13 0
110000 0 1 0
69943 0 6 0
160000 0 14 0
100000 0 4 0
50000 2 9 0
50000 0 3 0
204357 1 6 0
196073 0 6 0
50000 0 7 0
100000 2 5 0
100544 0 5 0
80000 0 3 0
50000 0 3 0
50000 0 3 0
50000 0 2 0
58686 0 2 0
55000 0 3 0
100000 0 1 0
50000 0 1 0
50000 1 7 0
55000 3 1 0
50000 0 8 0
45000 0 6 0
50000 0 2 0
75000 1 6 3
100000 1 5 3
60000 1 8 0
100000 2 1 0
50000 10 49 0
200000 1 2 0
200000 1 2 0
200000 1 2 0
50000 1 9 0
50000 1 7 0
50000 1 5 0
50000 1 4 0
150000 1 4 0
150000 0 2 0
50000 1 3 0
50000 0 7 1
30000 1 2 0
40000 1 11 0
30000 1 2 0
80000 1 3 0
40000 1 2 0
25000 1 8 0
100000 1 0 0
300000 1 5 0
150000 1 11 0
500000 1 0 0
100000 3 8 0
119843 1 2 0
100000 1 16 0
146857 0 8 0
150000 1 0 0
55000 1 0 0
129932 1 3 1
129942 2 4 0
150000 1 2 0
200000 1 1 0
208686 1 0 0
204357 0 1 0
90000 1 0 1
106076 1 3 0
150000 1 1 0
150000 1 0 0
215590 1 0 0
170547 1 0 0
165000 1 1 0
100000 1 0 0
200000 0 2 0
120000 0 0 0
100000 0 5 0
40000 1 0 0
20000 0 1 0
20000 0 0 0
200000 0 0 0
150000 0 2 0
198000 0 0 0
30000 1 1 0
30000 0 4 0
30000 0 0 3
50000 0 0 0
130000 0 27 0
30000 0 1 0
140000 1 2 0
100000 0 0 0
200000 1 2 0
150000 0 0 0
100000 1 4 0
100000 3 1 0
100000 1 0 0
70000 1 2 0
70000 1 0 0
80000 1 1 0
200000 0 16 0
150000 1 15 0
50000 3 2 0
40000 2 11 0
0 1 6 0
100000 0 7 0
70000 1 2 0
70000 1 0 0
80000 1 1 0
70000 1 9 0
127000 0 6 0
30000 1 3 0
30000 1 6 0
70000 1 14 1
50000 1 4 3
65000 1 7 0
50000 1 5 0
120000 1 0 1
60000 1 16 0
200000 1 0 0
100000 1 1 0
50000 0 2 0
490000 1 0 0
200000 0 2 0
120000 0 2 0
100000 0 4 0
100000 0 0 0
100000 0 1 0
100000 1 2 0
100000 1 2 0
240000 0 3 0
75000 3 12 0
90000 1 8 0
70000 1 9 0
70000 2 8 0
319843 1 0 0
146857 1 0 0
279928 1 0 0
279943 1 0 0
408685 1 4 0
204357 1 0 0
196073 1 0 0
315590 1 0 0
335550 1 4 0
60000 2 9 0
100000 0 3 0
100000 1 0 0
25000 0 4 0
35000 4 4 0
54000 5 0 0
76801 0 4 0
250000 1 0 0
135550 4 8 0
24000 1 3 0
24000 0 0 0
24000 0 2 0
25000 0 13 0
24000 1 4 1
95771 0 2 0
250000 0 3 0
140073 0 3 0
100000 0 6 0
122000 0 1 0
25000 1 5 0
25000 0 2 0
205590 0 1 0
169843 1 0 0
130157 0 1 0
25000 0 8 0
25000 0 5 0
25000 0 2 0
25000 1 1 1
25000 0 1 1
158686 0 22 0
100000 0 5 0
30000 0 2 0
110000 1 0 0
25000 1 14 0
50000 1 1 0
25000 1 0 0
82358 2 0 0
25000 0 0 0
107142 0 4 0
146858 0 15 0
25000 0 4 0
25000 0 0 0
100000 2 2 0
56000 0 2 0
25000 1 7 0
25000 0 1 0
96000 0 15 0
100000 1 0 0
120000 0 9 0
200000 1 0 0
30000 1 6 0
50000 1 9 0
30000 0 3 0
30000 2 22 0
30000 2 21 0
30000 0 7 0
30000 4 36 0
80000 0 3 0
80000 0 0 0
40000 0 0 1
300000 0 0 0
300000 2 0 0
500000 2 0 0
500000 2 0 0
50000 0 1 0
50000 0 12 0
50000 2 11 0
50000 2 4 0
230000 0 0 0
80000 3 2 0
30000 1 3 0
30000 1 10 2
40000 1 5 0
70000 0 4 0
319843 0 7 0
146857 1 18 0
129943 7 60 0
408686 0 5 0
196073 1 5 0
204357 1 4 0
250000 0 3 0
315590 2 0 0
335550 1 6 0
150000 3 4 0
279928 1 15 0
100000 0 2 0
40000 1 5 2
150000 2 5 0
46857 1 25 0
279928 1 3 0
80000 2 5 0
140000 0 7 0
59943 1 4 0
148685 2 4 0
100000 1 11 0
60000 1 1 0
100000 1 3 0
96073 1 4 0
100000 0 2 0
160000 1 5 1
100000 1 9 3
200000 1 3 0
104357 2 3 2
315590 2 1 0
335557 1 10 2
129842 0 5 2
100000 0 5 1
150000 0 9 0
30000 1 7 5
30000 1 9 3
15000 1 30 0
15000 0 5 1
30000 2 14 0
30000 1 4 1
50000 0 6 0
100000 1 2 0
100000 1 1 0
75000 0 11 1
100000 1 1 0
50000 2 0 0
400000 2 2 0
75000 0 4 2
75000 0 6 0
300000 2 7 2
40000 0 14 0
50000 1 4 0
40000 0 3 0
25000 0 3 0
25000 0 2 0
30000 0 3 0
50000 0 5 0
50000 2 15 0
50000 0 3 0
50000 1 8 0
50000 1 5 0
50000 0 15 0
50000 2 12 0
100000 1 0 0
50000 5 9 0
50000 8 49 0
47000 2 81 0
50000 1 1 0
50000 1 19 0
60000 0 15 0
50000 1 20 0
50000 12 0 0
50000 5 1 0
50000 1 3 0
100000 1 4 0
40000 3 10 0
40000 1 4 0
150000 1 10 0
115000 1 8 0
100000 9 18 0
104843 1 3 0
50000 1 8 0
46857 3 4 0
50000 1 2 0
50000 1 5 0
50000 1 2 0
50000 1 2 0
50000 3 39 0
79928 1 4 0
150000 1 14 0
129943 3 0 0
100000 1 5 0
100357 1 16 0
100000 2 4 0
100000 2 6 0
108686 4 9 0
104000 1 1 0
96073 1 9 0
100000 2 0 0
115590 5 0 0
100000 1 0 0
100000 1 0 0
335548 6 12 0
50000 0 5 0
50000 2 10 0
50000 1 28 0
50000 5 5 0
50000 0 12 0
50000 1 5 0
50000 1 5 0
50000 1 7 0
50000 1 7 0
50000 3 21 0
100000 1 28 0
80000 1 14 0
320000 1 7 0
95000 1 4 0
100000 2 1 0
200000 1 0 0
200000 1 2 0
200000 1 2 0
200000 1 2 0
200000 1 2 0
95000 1 0 0
150727 0 20 0
112000 0 17 0
30000 2 1 0
30000 0 8 0
15000 0 12 0
15000 3 5 0
50000 0 11 0
100000 1 0 0
25000 0 20 0
50000 1 4 0
177164 0 19 0
153036 0 2 0
125000 1 4 0