35250 4 7
17625 5 15
11750 4 3
21150 8 19
94000 4 3
11750 4 11
36425 3 8
41125 10 9
11750 2 4
11750 2 2
32900 7 20
32900 2 3
18800 4 15
11750 1 3
28809 8 4
21150 2 2
45825 10 2
19975 7 12
23500 5 3
56400 6 6
35250 3 10
30093 2 2
35250 1 5
14115 1 2
14115 2 0
8228 5 2
8228 4 0
8228 5 1
16109 5 1
58750 5 1
9983 5 1
12332 3 5
16450 12 4
8229 12 5
14539 31 40
14539 20 5
14539 8 0
10904 5 3
10905 6 3
10904 3 1
7407 0 0
10904 4 0
41666 8 1
70500 12 4
70500 5 5
33497 5 4
18513 5 0
18513 5 0
33098 4 0
31055 4 2
69325 4 3
32902 3 1
11750 5 0
14345 9 2
18682 4 0
11750 16 4
11750 6 1
26748 4 3
24772 8 6
20890 8 0
31880 14 0
11750 9 0
11750 12 0
63813 23 3
11750 6 0
12085 15 0
11750 5 1
11750 4 0
51366 26 4
11750 13 3
27515 10 4
11750 3 0
11750 2 1
39202 2 0
18037 14 0
47004 10 0
13250 5 0
33420 5 8
18244 6 0
14554 4 2
37822 3 0
20802 14 2
11750 5 0
11750 25 4
11750 5 0
11750 8 0
26222 12 7
11750 9 0
12925 4 0
11750 2 3
46539 3 5
11750 2 1
21503 4 2
25028 2 4
39950 4 6
18095 3 3
47000 5 2
64625 3 12
20034 2 3
20033 2 0
20034 2 2
19270 5 10
90475 4 3
23500 0 2
28082 8 0
27847 2 2
16568 5 0
54638 4 8
19388 3 4
47822 2 2
19975 4 2
11750 1 0
12925 3 2
22208 5 2
34075 5 2
29375 5 1
23030 2 2
11750 1 0
23500 3 1
41360 4 27
12102 2 0
11750 2 6
17625 3 3
31255 6 10
13748 3 1
11750 0 0
37012 0 0
17625 1 1
66505 1 5
12455 4 7
17123 5 0
23500 4 0
23500 3 10
17625 4 0
23500 5 1
17625 4 0
29375 3 0
23500 4 4
17625 1 2
17625 4 0
17625 0 3
23500 4 3
29375 4 0
23500 5 0
11750 1 0
11750 0 0
29375 9 1
23500 2 3
23500 3 0
23500 2 5
29375 1 1
11750 3 3
29375 3 0
17625 2 0
23500 1 0
23500 2 3
29576 0 0
11750 3 2
16450 1 4
11750 2 2
35250 5 2
11750 0 0
35250 5 1
59402 2 3
30550 3 2
45237 5 27
32900 4 2
88125 4 4
70500 4 3
88125 3 4
30561 13 12
28226 5 5
19181 8 5
34074 2 1
31726 5 1
11750 3 1
12924 2 4
11750 1 6
11750 1 2
15274 4 5
92233 4 4
11750 5 3
12932 1 1
92233 4 4
21150 4 3
46060 5 2
16450 2 3
11750 2 2
25850 3 5
11750 3 0
14100 4 0
11750 2 0
10524 28 0
23500 4 3
70500 10 15
17631 6 4
29375 9 3
64625 8 4
199750 6 3
58750 5 3
99875 25 15
176250 25 15
27025 10 1
13247 19 30
16450 7 0
352500 87 2
11750 24 36
21150 2 1
23500 6 0
11750 15 5
16450 3 7
16450 8 4
35250 5 3
21737 5 0
16456 3 0
14100 2 3
14100 3 1
12926 3 0
11750 3 0
123373 8 22
23500 5 0
25850 5 11
19975 4 1
28200 10 8
27025 6 3
19975 0 4
19975 4 0
23500 3 0
103400 6 0
109275 5 2
17625 4 0
25850 4 0
23500 3 1
47000 5 1
27025 1 0
47000 4 0
23500 3 0
70500 5 0
55225 12 5
28200 2 0
35250 3 3
25850 5 0
63450 7 9
17625 2 0
49350 2 0
25850 3 0
58750 4 0
43475 5 2
54050 6 3
31725 2 0
24675 8 10
29375 6 2
29375 4 2
29375 6 1
27025 9 3
50525 6 4
15275 4 0
64625 7 0
91650 8 2
32900 6 1
17625 4 1
29375 3 2
49350 3 0
58750 6 3
47000 6 0
24511 0 6
39950 0 2
15510 4 5
15510 2 0
14100 6 0
15510 2 5
15510 4 2
12749 2 2
15510 2 2
15510 2 4
21130 3 2
32868 9 10
37325 7 5
45794 3 12
23391 2 2
16447 2 4
23495 4 0
24623 8 7
91578 6 10
24338 5 0
16648 8 8
23370 5 0
51450 1 2
24544 2 2
16364 6 8
19922 5 0
15958 6 0
31717 4 4
11661 1 3
21125 5 2
17992 2 3
49212 5 2
14095 1 2
11750 8 7
31664 4 6
34073 3 9
21937 5 11
58714 10 24
31523 8 6
33920 2 8
15109 3 4
28143 5 5
25834 5 3
42280 4 3
11739 3 3
21150 3 7
22326 3 4
17004 1 3
30420 10 5
30585 4 2
39313 1 2
11743 2 0
11725 20 7
11702 1 0
21117 3 1
11745 3 3
12904 3 6
49541 3 2
12585 7 6
14757 4 3
25783 4 4
11746 5 2
11746 7 6
11745 0 0
32895 2 24
11742 1 2
36730 3 5
22874 4 2
11744 2 0
11740 2 0
12623 2 10
40028 5 2
29760 2 2
45111 3 5
11671 1 0
11746 0 0
12562 0 0
11742 11 7
11742 0 0
11696 5 20
11752 2 6
18797 1 1
170260 12 6
31688 3 6
24675 3 4
11750 2 2
156968 10 20
46116 2 3
13424 0 0
29334 4 0
11790 4 2
31032 4 1
22165 9 0
41100 4 5
11750 6 6
23500 0 0
47000 1 0
16700 20 13
54000 5 2
63400 3 4
43500 7 3
41100 8 0
14197 4 1
27026 4 0
24700 4 2
23500 5 2
52900 3 2
23500 5 2
51700 4 3
11750 2 0
16897 3 0
12913 6 1
12913 3 5
12913 3 4
12913 3 1
16897 7 1
17133 5 4
149422 3 7
23475 7 12
35378 4 1
23475 7 0
29426 0 2
35378 5 10
23475 2 0
46943 6 3
46943 7 0
46943 5 3
30240 4 4
35378 4 2
13944 4 15
46943 3 0
13944 3 4
14101 2 0
82250 5 4
14687 4 1
13279 3 1
14687 2 0
34075 3 0
51700 4 3
11750 3 0
11750 0 0
47000 2 0
52875 8 1
23500 0 0
35250 1 1
16450 3 0
47000 0 0
149578 15 5
14100 3 1
11750 1 0
96350 2 0
31255 0 0
11750 2 0
11750 2 0
28200 1 3
11750 4 4
11750 2 0
23500 4 0
27025 5 0
15275 2 0
30550 10 2
70500 4 2
58750 7 4
58750 0 0
42300 0 2
58750 6 12
6793 7 0
117500 1 1
29375 2 0
29375 1 4
52875 2 2
23500 2 1
29375 2 0
52875 4 10
52875 1 0
52875 2 4
29375 1 1
23500 1 15
35250 1 0
23500 1 5
189617 5 1
23500 1 0
29375 2 0
23500 2 5
117500 3 3
117500 3 1
64625 1 0
68716 8 4
51134 6 0
39950 3 0
39950 3 0
16450 3 1
15510 3 5
15276 1 4
11750 1 2
70500 10 3
112152 14 5
13024 3 1
204136 6 5
49350 3 8
35250 3 8
25850 2 4
11904 0 2
11903 0 5
19387 1 4
11994 0 0
19387 1 7
135246 15 1
70500 14 0
35249 6 4
17600 3 1
11800 0 0
10500 5 4
29070 3 5
10600 0 1
25378 5 4
24191 7 10
71922 5 10
119585 3 2
57778 5 12
93340 1 2
18216 4 4
30076 14 7
24191 4 7
60606 4 0
119586 7 8
51742 4 2
69022 13 12
30076 6 5
80493 4 1
91964 4 3
115004 3 4
51742 8 5
125469 4 15
51742 3 4
115004 5 12
40272 4 1
34512 4 1
45982 10 15
17169 1 3
32537 2 4
115816 0 3
31593 2 7
27875 2 4
45327 4 8
145210 3 0
68726 6 12
62315 5 5
54817 2 3
98319 4 7
33777 2 23
16235 0 0
46337 3 4
12925 0 0
17428 0 4
12925 7 9
17625 4 4
13291 0 2
25850 0 0
15428 0 0
76767 4 2
34913 2 4
32312 1 2
34882 1 0
12925 0 0
23500 6 4
99875 6 4
94000 6 0
18800 3 2
176250 6 0
23500 5 0
23500 5 6
117500 7 5
23500 6 15
14100 4 2
176250 5 3
88125 5 0
94000 7 3
82250 3 0
35250 4 6
117500 3 0
53134 3 0
141000 3 0
23500 4 0
111625 6 4
35250 5 0
36425 3 0
42300 8 3
37600 4 6
42300 5 4
42300 6 3
42300 1 1
21150 6 1
24675 6 0
17625 5 6
17625 4 4
17625 3 3
17625 5 3
12925 3 0
11750 3 1
11750 1 0
24675 4 8
17625 5 3
94000 8 5
94000 8 3
21150 4 6
25850 3 3
25850 4 0
88125 0 0
11750 4 6
23500 5 4
11750 5 3
11750 2 2
5874 6 15
144215 2 3
11750 4 0
45237 12 11
15510 3 5
38775 3 0
20409 2 0
12925 4 7
25850 3 3
117500 5 12
58750 6 7
82250 4 1
24724 5 2
25924 0 2
19904 6 6
23266 0 2
70500 2 4
62383 5 20
32313 5 17
14024 5 7
15510 3 7
24948 8 5
24948 6 0
11750 4 0
11750 3 8
11750 0 0
12921 4 2
11750 9 11
11750 2 0
12921 1 1
13188 4 3
11750 3 0
11750 1 0
98700 8 55
12980 6 5
60865 4 17
63567 4 8
14922 3 7
43005 2 15
21738 10 20
71205 10 10
37952 5 3
27143 8 2
39657 18 5
41125 19 6
37013 17 4
34956 11 0
38481 13 0
40538 23 0
41125 22 35
27025 13 3
37893 18 43
32606 13 5
38775 15 7
47294 23 0
66975 29 6
77160 27 21
202100 54 2
70500 4 5
37842 1 2
29375 0 3
47000 5 0
19975 2 1
38775 4 7
94000 4 0
47000 3 2
58750 4 4
58750 2 2
47000 4 5
35250 2 2
106925 5 8
29963 0 0
32312 0 0
29963 3 2
62275 4 2
199750 2 6
18212 0 0
18212 1 5
105000 0 1
338600 0 0
105000 0 0
125000 0 0
105000 0 3
105000 0 0
316075 1 4
61453 3 3
86363 0 10
212205 1 11
207387 0 12
14100 3 0
15275 3 2
14100 10 6
14100 6 22
15275 7 1
13513 2 1
14100 7 25
13711 5 2
19275 7 2
16450 2 1
23500 3 1
22325 3 2
16450 2 4
23500 2 4
41125 13 6
29375 3 5
12734 2 20
16450 0 1
56400 8 9
35250 6 1
43475 6 8
82250 2 2
14100 2 3
17500 3 5
11750 3 5
11550 5 0
70500 2 15
23500 3 5
11750 1 3
11750 2 4
23500 0 0
41000 4 11
65900 0 6
22200 3 4
34660 0 1
16450 3 5
11750 1 20
11750 4 2
11750 1 6
11750 1 3
11750 4 2
11750 4 3
11750 3 5
11750 5 5
12300 3 8
12026 1 0
39400 3 7
44400 0 0
19176 7 2
15510 3 90
14864 5 3
11750 0 1
11750 1 1
26014 2 3
14006 4 0
11750 1 1
11750 5 3
23159 7 0
15463 3 0
13771 0 2
17625 1 0
31349 3 0
12514 5 1
26673 4 3
11750 3 1
33147 3 6
14394 8 2
14923 5 0
19893 0 2
37283 2 1
21080 7 6
9978 8 0
44450 1 2
13677 4 4
23148 6 4
14100 4 5
16027 5 4
13275 6 3
35979 5 1
31173 5 2
28729 2 3
20727 2 1
17143 9 0
11750 4 2
11750 2 0
25850 2 0
13254 6 0
11750 3 1
12502 4 3
65953 3 2
109772 5 2
44797 4 3
12308 4 2
24488 2 4
36679 3 2
31154 0 0
42871 2 5
16444 4 2
18126 2 1
12573 3 1
15121 1 2
13268 2 1
12624 2 1
30945 3 0
26479 3 0
12038 3 2
12138 0 2
12451 5 2
13503 3 0
18180 2 2
12618 3 0
16546 3 1
12617 3 0
22346 4 2
12144 6 3
47706 2 2
51700 3 2
41125 1 0
70500 4 3
64625 4 3
41125 4 2
52875 6 3
94000 8 4
94000 7 4
94000 6 2
7458 0 0
37837 5 3
11750 10 12
52875 1 3
94994 3 9
38130 8 0
52875 15 5
53535 17 8
38130 3 0
11750 2 10
33875 1 5
11750 5 8
29716 14 0
33584 3 4
61735 12 24
61735 1 8
25139 6 8
58750 4 4
19566 5 6
58750 6 4
215784 7 11
63345 8 3
23413 3 7
29169 0 4
35503 4 3
54491 3 13
63451 7 23
70145 4 4
11750 4 4
11750 1 2
27826 3 2
27925 7 3
16888 2 0
11750 13 0
11750 4 3
11750 1 0
11750 5 0
11750 3 1
11750 10 0
11750 14 6
40541 4 8
13241 2 4
51007 5 7
11750 1 1
11750 6 3
11750 2 0
11750 11 18
15353 5 1
73133 4 0
110804 5 3
127095 4 2
52965 3 2
31544 4 7
23029 1 8
15544 4 0
37369 2 2
30380 1 0
27624 1 4
83809 0 0
72874 0 2
19190 2 0
31664 0 1
14585 4 3
11750 0 2
22069 4 4
22069 5 0
11750 0 1
14269 3 1
12930 2 0
12928 3 0
11742 2 2
11742 5 0
11742 1 0
11742 4 0
11741 3 0
14100 3 0
14100 3 0
14100 1 0
14100 1 1
23500 4 0
17625 1 0
11750 0 0
13493 2 1
11750 0 0
28200 1 0
16912 5 7
16912 2 5
16912 2 2
15281 0 0
18104 1 5
15514 2 0
16792 3 2
11739 3 1
11739 5 2
11739 5 0
46295 3 0
1811 0 0
18320 4 5
16270 2 4
18330 3 0
37615 4 5
18330 1 4
21171 1 0
15308 4 1
28174 6 0
15308 6 5
29313 4 2
15308 2 1
29313 3 0
8956 6 0
5957 9 3
5957 5 0
5957 1 0
5957 3 0
5957 4 0
63400 3 3
96400 2 4
191500 6 9
70500 8 4
65800 3 9
37600 2 8
106900 4 5
24700 2 3
69300 0 0
108100 2 4
18800 2 0
32900 1 4
35300 7 8
12900 4 0
41312 1 2
21200 6 1
23500 10 22
16500 9 2
37600 2 6
9400 2 8
25800 2 4
20000 6 25
37600 2 4
15300 2 5
32900 3 5
30500 8 0
25800 6 0
78700 8 15
49400 15 0
20542 3 4
20543 5 8
20543 2 3
20542 5 3
35250 2 0
58750 5 0
234914 5 1
45238 1 0
73438 0 0
13815 3 1
44180 3 0
36425 2 1
12703 3 5
58750 5 15
29375 4 1
64625 2 1
55733 3 0
28200 6 5
18800 5 2
29375 7 10
11750 3 0
14100 1 3
255849 12 38
8497 1 0
11750 4 0
11750 4 0
11750 3 5
11750 0 2
11750 2 0
11750 3 7
11750 3 0
11750 3 4
11750 6 4
11750 4 0
11750 5 7
11750 2 2
11750 7 2
11730 2 2
41130 5 10
11730 4 3
37610 4 3
25800 7 15
29400 0 200
23500 7 12
56400 6 3
11900 3 1
11700 5 0
11700 0 3
14100 4 8
28200 0 0
11700 0 0
11800 3 3
40774 6 6
67447 11 10
64506 17 25
23816 4 13
15090 5 26
23218 3 2
23218 2 1
33666 3 2
11609 2 0
11600 1 0
25540 3 1
16253 1 2
16253 0 0
16253 2 2
16253 0 0
22057 5 4
12770 2 5
22057 7 5
31344 4 2
15092 6 3
11609 2 3
27862 2 2
11600 1 2
41792 0 0
26701 5 4
11600 3 0
15092 5 2
22831 3 5
714368 4 12
31210 3 1
72345 3 3
26640 1 8
35330 3 3
49040 3 7
37730 3 2
29381 3 0
46332 2 0
94984 4 2
34188 2 3
51701 4 2
176252 5 2
17841 10 5
11897 7 3
11894 2 1
11894 3 2
11897 6 25
5947 2 0
16450 6 14
15804 2 2
19975 5 10
19975 4 1
20563 5 5
19975 4 12
15275 2 2
14607 3 4
46407 9 2
11750 20 14
11750 1 7
11750 8 6
52875 11 14
5875 6 3
9048 6 5
5875 4 2
5875 2 2
5875 1 0
30701 7 9
11750 1 2
23124 4 0
77080 4 5
43592 6 4
11750 0 3
72850 0 7
265904 8 1
11750 2 0
11750 5 3
12133 6 3
15871 4 0
12134 4 3
10114 3 0
15821 5 4
11750 5 6
11750 6 2
11750 6 7
15270 3 1
11750 4 0
11750 4 10
14100 7 12
31725 4 5
110098 10 10
63685 4 10
15392 3 10
12925 5 5
17625 1 1
35945 11 4
11750 3 12
11750 1 1
18800 4 3
34075 2 1
16450 2 2
27025 3 2
14100 4 10
21150 5 5
14100 2 3
47000 5 5
23500 3 3
11750 0 1
11750 3 1
11750 1 1
11750 3 2
17625 3 3
17625 6 2
6463 2 2
5875 1 1
5875 1 5
5977 3 0
6463 3 3
5875 2 10
10340 2 6
5875 1 4
5875 1 3
11750 5 2
5875 2 1
5875 5 2
5875 3 3
17625 2 3
17625 4 1
17625 27 10
35250 3 3
17625 3 0
39356 9 18
17625 3 2
11750 0 1
11750 1 2
17625 3 2
11750 2 0
17625 3 1
17625 3 0
11750 3 0
70500 4 2
24968 4 3
14997 2 2
65800 4 0
48578 4 6
12597 5 4
235000 8 0
64625 7 0
70500 3 1
11743 3 0
11743 3 5
11743 2 2
11743 5 14
11743 4 6
13053 6 0
11743 5 0
11743 3 5
11743 5 3
11743 3 1
11743 3 3
11743 3 2
11743 5 1
12811 5 0
11743 7 0
11743 8 2
11743 2 0
11743 4 2
11743 4 0
11743 1 0
141000 7 5
17625 5 2
47000 7 0
70500 7 6
58750 3 1
82250 3 2
58750 4 2
35250 5 3
70500 4 2
29375 2 1
11750 3 1
82250 20 132
51230 0 0
35250 5 0
47000 6 1
17625 4 0
105750 2 1
70500 10 2
17625 2 1
47000 3 0
29375 3 2
29375 3 4
17625 4 1
29375 3 1
29375 4 0
25851 3 10
41124 6 2
35250 2 0
36736 3 7
23500 3 0
23500 3 1
25850 3 0
23501 2 0
23500 2 0
35251 3 0
41126 4 0
18691 2 5
18691 3 4
11767 3 0
11767 1 1
11767 1 1
11767 3 3
11767 4 4
11767 1 2
11767 5 4
176201 12 6
18691 5 2
22325 0 1
17630 9 4
16440 1 3
14100 1 0
11750 1 4
14100 4 5
12925 3 2
11750 6 0
11750 1 2
23500 2 0
16438 4 4
14100 4 4
12925 2 2
18540 3 0
19965 0 1
70500 5 3
88125 0 2
64625 2 8
41125 0 1
23500 2 3
64625 2 5
58750 0 5
70500 1 2
58750 0 3
29375 4 3
94000 2 2
21269 1 1
82250 1 0
105750 2 8
82250 3 2
105750 0 4
32900 0 2
29375 3 6
58750 2 3
50525 0 0
91650 2 2
35250 7 3
52875 1 4
32312 6 2
11750 6 3
11750 2 0
11750 2 3
14100 3 4
11750 2 6
11750 0 0
11750 2 3
11750 3 3
17037 5 0
18800 4 4
11750 3 0
22325 3 2
23618 3 0
12337 5 0
11750 2 1
28200 6 5
14100 2 0
41125 4 0
11750 2 2
14688 2 5
11750 2 3
15275 5 2
15275 2 1
22913 3 1
11750 1 2
34075 1 1
11750 3 1
35250 2 1
19975 1 0
11750 1 3
22912 3 1
22325 2 0
15275 4 3
23500 2 0
17038 2 0
11750 3 0
58750 5 2
11750 3 1
11750 3 1
23500 2 1
28200 6 3
117500 2 2
13512 3 2
14688 3 2
32312 2 0
11750 2 2
13512 1 1
11750 3 0
11750 1 0
11750 4 3
11750 2 4
11750 3 0
188000 6 0
11750 3 2
16450 3 2
11750 2 0
11750 5 0
11750 2 0
35250 3 1
34075 3 2
11750 3 0
17625 5 0
22325 5 3
12338 5 0
16450 3 5
16450 1 0
23500 2 1
11750 4 0
23500 7 11
11750 2 0
12056 3 0
11750 0 25
29375 4 2
284358 4 0
96938 2 1
214438 2 0
293750 4 1
258500 3 0
176250 3 1
117500 2 0
174556 3 1
28318 6 4
21150 4 2
21150 2 1
19975 3 4
16450 2 4
18800 2 3
17625 1 2
16450 3 8
18800 3 1
16450 7 2
17625 2 1
32900 3 1
19975 4 15
16450 3 0
16450 3 0
15275 2 5
19975 3 7
16450 2 2
29375 4 6
14100 2 2
17625 2 1
28200 2 3
23500 5 3
23500 2 5
29375 3 1
23559 6 4
58750 4 11
329120 11 21
58750 7 1
49350 2 1
52405 2 3
89536 16 8
40303 5 7
25122 7 4
23500 4 3
68150 3 2
235001 12 2
61335 5 2
28435 0 3
96350 17 4
23500 8 3
41243 7 3
31373 4 2
30080 7 7
41031 6 8
43358 2 3
90405 4 4
60513 12 3
23500 1 2
119851 2 2
27730 8 15
23500 2 2
25968 9 13
23500 10 5
23735 3 4
60807 4 4
130698 5 2
62393 6 1
25615 6 4
37483 11 5
182126 1 2
88478 8 2
101521 2 2
104458 6 3
32900 4 1
41360 4 1
36073 4 2
23500 3 1
25733 9 3
35133 20 1
115738 11 2
44650 7 2
23500 4 1
23500 15 7
93096 20 5
39598 11 3
28976 5 6
34252 4 2
489982 7 4
103400 1 3
131601 3 5
155219 4 2
47000 2 0
23500 28 2
92121 3 0
23500 5 6
46530 11 4
88125 3 5
141001 17 6
125021 9 2
129250 0 0
170377 1 0
152752 2 0
129250 1 0
163326 2 0
64625 4 1
361902 2 2
361902 0 2
361902 0 1
362574 6 6
44744 7 5
38775 0 2
101050 0 16
21150 4 7
19389 3 5
18095 3 1
38775 4 2
18098 6 3
19389 2 5
16804 5 8
20680 1 1
111860 7 12
25850 1 3
54285 4 3
71086 5 1
84011 0 5
21501 3 1
12928 3 8
44560 2 4
31725 6 3
32311 9 2
19386 0 4
25850 12 2
12925 2 1
18800 4 2
12925 3 1
60746 11 0
103991 5 2
81545 5 2
64625 2 1
69795 11 5
94000 3 4
77550 0 0
115150 15 5
141000 3 4
58750 6 0
70500 4 5
35250 3 1
29375 4 0
29375 4 2
52875 0 3
47000 2 2
17625 2 0
205625 9 15
29375 3 17
29375 4 1
24675 3 4
35250 6 0
41125 0 3
37600 3 2
35250 2 3
117500 9 0
29375 3 2
29375 3 3
117500 5 2
35250 3 2
14100 1 0
16450 2 3
16450 16 19
9266 24 22
7050 2 1
5860 1 0
7050 1 0
5860 1 1
8220 2 0
5860 0 0
9400 4 5
5870 0 2
5860 8 10
7044 1 0
14443 6 0
14100 5 0
11750 2 4
14100 4 3
11750 3 3
43475 4 6
17625 2 2
11750 1 2
11750 3 2
17625 1 2
11750 1 1
21150 3 2
16450 6 8
18800 2 0
11750 3 4
11750 6 8
12925 6 8
17625 2 2
11750 3 3
11750 4 3
17625 5 2
14100 1 0
11750 2 4
11750 3 4
35250 6 2
11750 2 0
11750 5 0
101050 8 10
14100 3 0
11750 4 0
11750 1 1
23500 1 1
23500 6 5
47000 2 18
11750 2 1
82250 5 6
37600 4 1
82250 5 6
18800 2 1
11750 1 3
21150 5 7
17625 2 0
17625 2 0
18800 1 2
17625 2 1
11750 2 1
11750 2 2
11750 7 2
14100 1 1
11750 4 2
17795 2 0
32507 5 0
38772 3 0
30543 1 0
36423 2 2
12923 3 1
12893 2 0
12923 3 0
12923 2 0
30549 1 1
14092 3 1
41937 7 5
71571 3 1
43625 2 3
35249 5 0
170063 7 0
140997 6 0
34894 7 5
25860 6 4
14640 3 0
22246 5 5
12266 4 1
117492 4 5
82242 4 4
82243 4 6
32085 5 8
113281 15 3
60751 11 1
234993 0 2
60747 3 0
11870 4 0
41125 5 0
41125 4 0
11750 2 7
11750 1 1
35250 2 3
41125 5 3
64625 2 1
35250 9 3
29375 3 3
23500 4 2
23500 8 0
47000 3 2
35250 4 6
29376 3 6
23500 1 2
23500 9 0
35250 4 6
187999 18 24
11750 1 2
35250 4 2
47000 4 2
94000 2 2
35250 4 4
11750 1 5
11750 2 25
42060 3 0
11750 0 3
23500 4 0
94000 6 2
82250 9 6
35250 7 4
47000 5 4
35250 3 14
47000 16 0
35250 4 0
35250 5 2
70500 9 6
282002 0 0
11750 1 6
35250 6 4
11750 1 3
47000 5 7
47000 3 0
94000 7 12
176250 3 2
77550 3 2
23500 5 3
23500 3 1
58750 2 3
58750 5 15
47000 2 2
23500 1 1
58750 0 3
58750 3 2
35250 3 2
70500 0 3
35250 5 3
23500 3 0
35250 3 2
35250 4 5
28200 2 0
82250 3 6
35250 3 3
47000 1 0
23500 3 2
23500 1 1
94000 5 2
82250 4 2
28200 3 3
47000 2 3
94000 3 0
82250 5 6
70500 5 5
23500 2 1
35250 1 1
47000 3 5
23500 8 6
47000 1 3
23500 2 1
58750 3 2
23500 2 3
58750 2 2
47000 5 6
23500 5 2
23500 1 1
35250 2 1
23500 0 1
23500 1 2
23500 2 2
23500 1 2
70500 1 1
47000 1 0
23500 4 2
23500 3 5
70500 6 1
70500 0 0
94000 1 2
35250 2 0
105750 1 1
105750 1 1
35250 2 3
82250 3 6
94000 3 5
141000 8 10
117500 0 4
117500 3 0
141000 1 0
94000 0 0
117500 0 0
141000 3 3
176578 7 0
223250 3 3
145092 1 1
38659 10 0
19975 14 6
183300 5 0
17625 6 34
12270 7 5
58750 1 0
41125 8 5
47823 8 0
35250 0 1
35250 2 0
35250 2 0
35250 5 2
17625 3 10
229125 0 10
47000 1 0
88125 5 1
41125 14 8
47000 4 0
41125 8 6
88125 4 3
17625 3 3
47000 1 0
35250 2 0
58750 5 2
188000 5 0
235000 9 1
48527 2 0
23500 2 0
29375 5 8
23500 1 0
17625 4 0
17625 6 3
58750 12 1
52875 6 1
52875 4 2
71675 10 4
77550 17 3
64625 3 1
47000 6 0
58750 13 0
43710 7 1
47000 4 0
35250 4 0
35250 3 0
205625 7 1
117500 6 1
122788 15 2
47000 7 5
35250 0 0
35250 1 0
35250 2 0
82250 0 0
141000 0 0
41125 2 0
41125 5 4
275303 25 5
77903 0 2
41125 6 2
41125 6 4
44460 3 5
41125 3 5
47000 4 2
47000 8 1
35250 1 2
17625 6 2
17625 1 0
17625 4 2
19975 7 4
17575 1 3
17625 3 2
23500 4 2
17625 4 2
19975 3 1
35250 2 1
47000 0 1
188000 8 4
47000 0 0
35250 7 6
47000 14 2
92472 7 2
92472 17 6
97525 4 2
176250 8 5
117206 3 1
47000 3 1
117500 8 5
210912 3 1
117500 4 2
47000 3 3
47000 9 5
102107 0 0
172629 31 0
117500 4 1
94000 0 0
47000 18 0
70500 5 3
35250 2 5
88125 5 8
58750 4 0
88125 3 1
64625 6 9
41125 3 5
23500 5 2
35250 9 0
58750 5 2
3736 0 0
21738 4 4
12338 5 1
21738 2 0
12925 3 0
16450 2 2
27025 2 1
32665 1 0
16450 0 0
14100 5 2
23500 2 3
12925 1 0
21738 7 4
12338 2 0
32900 2 0
12925 4 0
17273 4 3
21738 2 3
25850 2 0
22325 0 0
22325 2 5
21738 3 0
21738 0 0
21738 3 2
33488 4 0
22325 3 2
22325 4 0
12925 2 0
19822 0 0
12925 2 0
12920 2 2
39950 0 0
235000 4 0
74025 3 2
35250 0 0
13031 1 1
47787 4 1
36049 1 2
22489 5 11
30362 3 0
14981 5 8
18612 2 1
20986 0 2
37847 1 0
1010299 12 11
11985 2 6
49115 6 20
11985 0 3
124785 3 13
67833 14 12
25145 6 8
41043 3 2
51677 7 5
44450 4 1
13959 5 3
21655 2 1
17061 2 2
35144 1 2
24170 2 6
67609 4 12
11750 4 1
59678 1 2
13877 2 2
124785 5 12
20492 5 4
14467 3 2
24816 1 1
16133 0 3
18448 2 0
33206 2 4
31948 3 3
27272 2 0
12091 5 4
78443 1 6
12103 2 7
12690 0 5
13031 2 3
14605 5 2
11750 4 2
16203 4 3
97725 4 11
19951 2 2
18295 5 11
18236 2 18
25850 0 0
29375 5 5
17308 3 3
25107 3 3
197706 3 5
25592 7 16
33205 3 9
42100 2 3
50748 2 5
27754 18 9
73672 6 10
20328 3 2
18753 5 3
23594 1 4
17343 1 4
122787 7 2
117500 4 4
117500 8 6
117500 11 5
18553 6 4
65217 11 0
150071 8 6
78866 2 7
18941 2 3
41125 14 20
16450 0 0
17625 6 2
13483 0 0
11750 1 0
12690 4 3
14321 5 3
11750 0 0
12808 0 2
11868 4 0
11750 3 0
45825 11 4
18800 4 4
20143 7 3
22971 2 0
14100 3 4
11750 3 0
12925 4 0
11750 1 0
11750 0 2
11750 4 0
11750 2 0
11750 3 0
11750 2 0
11750 3 0
27025 3 0
18800 2 0
12043 2 0
17625 0 0
17623 1 0
13394 1 0
19387 2 0
11750 0 2
117500 5 2
13042 2 2
123375 3 0
105750 4 2
192653 0 0
82250 2 2
200925 0 0
117500 4 3
46410 3 0
141000 7 8
58750 0 1
70500 4 5
58750 1 1
58750 4 4
58750 1 2
58750 4 3
58750 0 1
65797 4 6
117500 6 3
11750 1 2
117500 3 1
83385 5 3
169200 0 0
80487 4 4
169200 0 0
114562 4 4
58750 3 7
38759 3 3
31716 2 2
35250 2 2
11750 1 0
99875 16 0
14096 3 1
58750 6 3
28200 6 0
35250 3 0
17625 3 2
23500 3 0
23500 3 1
29375 2 7
17625 3 1
29375 2 0
17625 2 5
29375 5 2
29375 5 0
17625 4 1
47000 8 9
11750 2 4
15275 2 7
12925 0 0
11750 3 0
11750 3 0
12925 5 4
49350 2 0
141000 3 0
105750 0 8
197400 3 5
27025 1 2
235000 0 12
51700 8 2
43945 3 5
37483 7 2
73673 1 2
51700 5 2
51700 4 7
32313 8 15
18095 7 4
32313 3 7
64625 4 10
32313 2 0
51700 9 4
40068 3 8
31020 8 10
12925 1 1
25204 4 5
12925 1 0
19388 2 4
12925 4 2
25850 2 3
32313 3 7
12925 5 1
25850 4 5
96938 3 2
32313 3 0
38775 4 0
146875 4 3
29375 2 0
35250 3 2
23500 4 0
23500 2 1
29375 4 0
35250 4 4
29375 2 0
41125 2 2
17625 0 1
17625 1 0
17625 4 1
23500 1 4
17625 2 0
17625 4 11
19975 2 1
23500 3 3
31725 0 5
31725 2 0
17625 2 0
33253 7 2
76375 7 7
26431 2 2
26438 1 3
23500 3 2
14100 0 0
27613 2 4
23500 2 2
70500 2 2
12925 4 2
12925 7 6
25263 3 4
63450 2 4
41125 3 6
17625 5 4
17625 5 2
17625 2 2
11750 1 2
11750 4 4
78725 3 3
23500 3 0
29375 1 3
23500 1 3
23500 2 0
12925 1 3
41125 0 0
23500 1 0
35250 1 1
35250 10 0
11750 3 3
17625 2 5
36836 0 0
35102 1 0
58926 4 0
286400 20 0
70147 8 0
31526 5 0
45487 5 10
59851 24 33
38648 2 8
34514 14 12
109801 2 5
16491 12 4
53665 8 14
32925 12 15
20668 7 2
25987 2 5
37043 0 6
52480 4 0
14078 9 0
49315 8 5
50326 1 1
51671 7 9
36913 8 5
11954 1 2
45225 6 1
36524 3 5
57147 2 4
63781 0 1
17835 4 1
11750 0 1
11750 3 2
43851 8 10
11750 2 3
12733 6 2
58750 3 0
20600 1 1
15800 5 0
15800 3 0
11800 4 6
11800 1 0
35461 6 34
17600 6 5
20000 4 2
15000 6 0
20000 2 1
11800 3 2
52437 2 0
47438 0 3
52438 0 0
47437 0 3
88125 6 2
47000 15 4
23500 5 0
14100 3 0
58750 4 5
58750 4 5
88125 2 0
176250 5 0
117500 3 0
35250 2 2
49232 4 1
47000 19 5
51348 5 2
176250 8 4
27025 2 2
58750 4 3
176250 10 4
117500 4 6
35250 5 3
56165 2 2
46765 2 2
132049 7 3
159095 4 8
88947 3 6
171903 5 0
168495 0 10
223485 7 7
63920 0 0
140413 2 2
19035 2 2
32313 5 80
30080 0 9
35250 5 0
45825 7 0
35250 3 2
35250 4 1
35250 3 3
35250 3 0
35250 4 3
35250 4 0
35250 2 4
35250 3 3
45825 5 2
41125 3 0
45825 2 2
35250 2 3
41125 3 2
35250 2 0
57845 2 3
35250 5 3
45825 5 0
35250 2 2
35250 5 0
35250 7 0
57845 3 1
35250 4 2
41125 2 1
35250 4 2
35250 8 0
35250 3 1
35250 2 2
45825 8 5
35250 1 1
35250 2 1
35250 1 2
35250 3 2
23962 4 0
23962 2 0
23962 2 25
23962 4 0
23962 2 0
23967 3 12
23962 3 0
23962 2 0
23962 3 0
23962 4 0
23962 3 0
23962 3 0
23962 4 0
23962 4 7
23962 3 12
23440 3 0
23440 3 0
47000 7 1
55225 3 0
176515 4 2
56400 4 0
38775 5 2
26223 2 0
23500 2 3
36425 4 4
47000 3 0
141000 5 6
23500 2 0
141305 5 3
23500 0 2
17625 4 1
51418 7 4
38551 4 3
16450 6 1
17931 2 3
72967 5 5
58750 3 2
47000 4 2
23230 1 1
26438 4 4
182125 0 3
39950 2 3
28347 0 0
28658 0 0
22172 3 0
20809 0 10
28382 2 3
84600 5 2
89300 5 3
40514 3 2
42300 4 1
38391 2 0
17801 4 2
22485 0 3
23500 2 1
11750 11 0
27174 10 4
36366 4 2
33477 3 4
47000 12 3
47000 2 0
19783 1 0
48987 4 9
21855 7 5
15143 4 3
47000 1 0
47000 0 1
23500 1 0
13799 2 6
13865 5 6
50254 1 2
152750 3 4
45344 3 5
14570 1 2
20210 3 5
46571 0 10
41125 4 2
11750 2 0
88360 6 1
47000 3 2
51832 3 4
23500 1 2
82250 0 0
18175 6 2
42535 3 5
11750 1 0
52875 4 4
37541 4 2
41870 20 7
38375 2 2
47000 1 2
42300 2 6
32935 2 1
35763 4 2
98700 1 1
117500 3 2
11750 2 3
117500 5 3
47000 1 1
28347 0 0
23970 2 1
35250 3 2
25745 3 2
17718 4 0
15863 3 0
21114 7 14
46452 4 2
13179 2 0
188000 2 3
189868 3 2
14570 1 0
99701 3 1
50237 7 6
14100 1 2
23500 3 2
14297 5 16
14100 3 2
13067 3 5
22207 0 5
23500 3 4
47000 3 3
35250 8 3
27495 5 2
23500 5 3
29375 5 6
28200 4 2
23500 4 3
11750 1 0
11867 3 2
14570 1 0
11867 2 1
11867 2 0
35250 2 1
23500 3 1
20680 3 0
23030 2 0
32430 4 5
21268 4 3
74656 8 5
49350 3 0
39843 5 5
19975 3 2
45825 1 0
47000 2 4
17718 0 2
12216 1 2
12069 1 0
13779 1 2
256832 6 0
35109 1 3
176250 1 0
23500 0 1
145700 0 1
96938 3 1
48530 2 5
29375 2 3
16450 3 0
81141 5 15
35250 3 1
16450 2 0
13512 5 2
16215 1 0
23500 2 2
35250 3 6
47000 7 6
30550 0 3
84600 3 3
28200 3 4
47000 6 2
18800 1 0
20343 5 0
41125 8 7
35250 3 3
35250 3 4
58750 5 2
41125 8 4
17625 7 4
24675 4 4
8250 1 1
21150 5 2
11750 2 7
65800 2 5
72850 3 5
16450 3 0
11750 4 3
19975 4 3
22913 23 60
47000 4 1
11750 3 1
17625 6 0
23500 5 0
11750 3 5
12925 7 6
12925 3 0
19387 3 2
11750 3 2
23500 6 0
11750 1 0
21150 6 8
11750 3 0
31725 3 0
14100 3 0
11750 2 2
11750 2 76
19975 3 0
11750 7 6
18800 9 2
11750 4 0
11750 11 11
11750 2 12
12925 5 0
11750 3 3
11750 5 0
23500 4 2
22325 6 1
22325 3 4
25850 1 4
51113 5 4
25850 5 3
12337 2 0
11750 4 2
11750 2 1
23500 4 6
14100 5 0
82250 7 5
17625 5 1
17625 6 1
17625 5 2
17625 8 4
17625 3 16
17625 3 2
17625 4 6
17625 2 0
17625 2 1
17625 2 2
17625 5 5
58750 0 7
42300 1 1
64625 10 3
29375 7 2
2599 0 0
15275 1 6
17625 2 2
41125 1 4
44650 10 1
11750 1 1
15069 3 0
14934 5 2
14180 4 5
48712 12 18
18309 4 0
117500 4 5
13933 8 3
70500 5 7
19606 4 5
20809 0 0
13424 10 2
117500 7 5
22365 12 7
217374 4 3
19959 8 9
164500 12 2
12469 9 0
19775 5 5
12188 18 10
35250 4 1
48658 24 19
145125 1 4
15383 4 2
18039 16 6
411249 8 2
141000 4 7
176250 1 0
12149 11 5
72068 0 3
38775 3 2
32312 3 3
54342 3 1
69039 2 3
30197 10 4
42766 3 3
38844 5 0
44576 0 1
115015 7 3
77513 0 2
36887 5 3
58541 4 2
30177 1 1
105750 2 9
117500 0 0
35250 0 10
35250 4 6
52875 1 2
111625 1 16
47000 0 3
99875 0 12
52875 1 5
18090 1 4
35314 0 2
188929 1 1
23662 0 0
32218 0 0
23700 0 5
26955 0 0
37710 1 0
51629 1 3
12595 3 1
34074 3 0
174745 2 2
119054 1 1
139873 1 1
86045 3 0
170658 3 5
15510 3 0
17273 3 0
36273 1 2
58750 4 3
23500 1 0
47000 7 6
35250 3 0
30550 4 5
47000 4 2
35250 5 0
23500 2 4
48176 4 6
49350 4 2
11750 2 3
35250 3 0
28200 4 6
25850 3 0
41126 3 0
35250 3 5
29376 3 4
35250 5 0
35250 6 4
32900 3 3
30550 3 5
37600 0 2
70500 3 4
52876 2 2
176250 15 0
19976 4 7
23500 4 0
11745 9 0
11750 2 1
11750 0 0
11750 0 5
11750 0 0
11750 0 0
11750 1 0
35250 2 0
15408 0 0
14100 0 0
49350 5 16
43475 6 7
49350 8 10
30550 8 7
30550 1 3
37600 8 6
18800 8 2
49350 11 10
18800 7 2
50525 5 28
30550 4 6
18800 2 1
12925 6 0
25850 5 6
34075 10 7
25850 2 2
37600 3 2
43475 3 8
49350 5 6
11242 21 0
58750 3 6
18800 6 9
128075 3 4
113956 5 1
51772 2 1
55873 3 4
17656 2 1
11750 6 3
28203 3 45
34085 3 3
93060 8 3
76353 3 5
80118 6 4
11750 1 0
18185 2 6
42744 2 2
15510 6 0
26372 0 2
64816 5 2
12821 1 35
11750 4 8
20851 5 4
14100 3 1
34032 5 0
23500 4 1
11750 5 0
15863 4 3
15275 3 0
17038 4 0
15275 2 0
17625 5 0
11750 4 0
25263 3 0
11750 8 2
6967 13 0
20563 5 0
27025 5 0
28200 6 0
23500 6 2
42300 5 1
30550 8 5
35250 3 3
24675 3 1
27025 4 3
24675 2 1
21150 3 2
17625 5 5
28200 4 1
28668 4 4
30550 3 2
27612 3 2
21150 1 7
37600 10 5
30550 5 2
35250 3 1
24675 2 4
23500 4 2
23500 19 0
4700 16 0
12338 17 1
12338 8 0
12338 12 5
12338 8 0
2110 5 0
44062 16 5
44062 22 0
47000 10 0
17625 6 3
17625 7 0
28200 11 5
30550 11 2
11750 9 2
16450 7 2
14100 10 2
16450 8 3
16450 6 2
11750 6 0
19976 8 0
23500 20 4
17625 11 2
17625 9 1
19976 13 4
11750 8 2
11750 10 2
21150 7 2
16451 7 1
21150 5 0
11750 8 2
11750 5 1
17625 6 0
17625 5 0
43649 257 49
12925 0 0
12925 1 0
12925 1 0
12925 0 0
12925 0 0
15863 1 1
12925 1 0
12925 0 0
12925 1 0
12925 1 1
5231 2 1
87672 8 2
57016 4 4
32306 4 4
115260 1 9
31801 2 10
117299 7 1
19667 3 3
40820 3 1
31801 6 1
14484 0 0
32381 8 4
35708 4 16
32869 5 3
25857 3 2
14482 1 2
14473 2 2
33191 5 6
17391 2 2
32811 2 2
30094 4 5
293750 8 3
21751 5 7
32557 5 0
79911 2 3
25733 1 3
130537 8 4
25602 8 14
25603 5 7
22369 11 0
20482 12 3
17412 6 4
19458 7 5
22691 8 4
25602 10 4
12801 2 0
12801 2 2
127253 17 6
161915 21 8
65800 15 26
70265 13 2
44415 7 12
29610 9 6
29610 5 4
40303 15 0
44532 9 0
6410 5 0
14100 3 2
45825 6 3
14100 4 4
23500 3 15
14100 2 0
23500 2 2
17038 5 3
27260 1 0
28200 4 3
12338 1 3
21738 6 21
22913 4 1
15275 1 1
12337 1 5
33464 1 0
11750 8 4
11750 6 3
19975 5 2
17672 6 4
109949 7 0
63450 3 7
63450 3 0
35250 2 0
39950 2 0
108100 4 1
32900 3 0
176250 3 0
27944 2 2
29375 4 0
29375 2 4
11751 1 2
11750 1 0
18800 1 0
11750 3 0
18800 5 3
18800 4 1
28200 4 0
18800 5 4
28200 8 0
28200 4 15
18800 4 2
18800 4 3
18800 2 4
59924 2 1
18800 4 0
28200 6 3
18800 6 3
18800 2 3
18800 4 0
28200 2 5
18800 7 3
28200 0 1
28200 7 1
44650 6 5
28200 5 3
18800 3 2
28200 3 4
28200 5 2
14100 1 6
18800 7 3
18800 6 39
14100 5 3
28200 5 4
18800 5 0
18800 2 2
28200 3 1
44650 3 1
28200 6 1
18800 3 1
23500 3 4
42300 9 5
28200 4 18
18800 3 0
54050 5 2
18800 2 1
70500 3 1
70500 4 0
88126 4 0
176250 3 0
28200 4 0
40203 22 0
179662 1 8
158625 2 5
175517 3 5
87806 2 3
227198 12 28
194519 1 7
112752 3 8
24088 3 1
14100 4 4
17625 5 2
19975 5 8
15862 6 9
19975 6 4
11750 3 3
11750 0 4
12337 3 10
17625 1 2
14100 6 3
51700 7 4
16920 3 4
21973 1 4
128780 3 3
31255 1 5
32195 0 4
20328 0 0
35250 2 5
29493 0 2
25498 3 9
21502 3 7
16207 7 8
66975 1 2
42065 0 9
67327 3 1
35720 2 0
39362 0 2
86299 3 0
48175 10 5
42300 1 1
23500 4 2
23500 3 5
32125 4 2
28200 12 15
23500 3 1
23500 1 0
25850 3 4
25850 3 15
29375 7 0
23500 1 1
35250 17 2
52875 2 0
266733 0 0
99875 2 1
94000 0 0
88125 0 0
38775 1 0
32900 5 6
36425 2 0
30550 4 10
31134 0 0
117500 6 8
117500 5 0
21700 6 4
21700 3 2
21700 8 4
112000 1 0
90500 2 1
117500 2 2
94000 8 2
141000 3 4
54689 12 5
23938 5 0
29385 1 0
23938 2 0
14094 2 0
30534 3 0
30534 1 0
29385 3 0
152722 3 0
82250 3 1
47000 5 0
82250 3 0
29375 0 0
82250 10 5
35250 3 2
82250 0 0
35250 2 0
29375 1 0
29375 4 0
29375 4 5
29375 0 0
29375 3 0
29375 3 1
58750 3 0
58750 3 0
29375 0 0
35250 3 1
47000 8 20
35250 1 2
29375 1 1
29375 2 7
47000 0 5
29375 36 21
35250 3 1
35250 11 0
35250 3 0
29375 0 0
58750 8 2
35250 3 4
29375 17 71
70500 4 3
29375 7 2
117500 0 0
29375 7 4
29375 4 0
70500 0 0
29375 3 2
35250 2 1
35250 61 0
35250 0 0
70500 2 1
29375 35 0
99875 5 0
76375 1 0
58750 5 0
35250 2 0
41316 0 0
47000 0 0
35250 2 0
105750 0 0
47000 5 2
23549 0 0
26382 0 0
35250 4 7
26094 1 2
22719 4 1
70500 4 2
24675 7 20
105750 3 2
24087 3 4
19366 4 3
30054 4 2
28071 1 0
23837 2 2
25850 0 0
28200 2 3
54279 2 2
26291 3 5
23804 2 4
27952 3 2
94000 1 0
23804 2 3
25726 3 4
37764 4 2
31232 3 0
18263 4 1
23536 0 0
24671 10 25
25579 1 2
25948 0 0
24671 4 6
24577 1 3
29375 1 1
77310 3 2
25541 2 5
24201 2 1
29806 5 11
22478 6 14
29920 3 0
20811 2 0
17634 3 0
22611 3 2
20876 7 2
11750 4 3
11750 3 2
17627 3 3
28205 3 3
23518 6 4
17698 2 2
11719 2 3
11719 2 0
15068 1 0
40466 5 5
14438 5 2
105750 3 2
19627 2 15
70500 4 2
12735 1 0
11750 14 3
12461 4 0
13100 8 2
11859 6 4
21169 2 2
14970 6 6
14970 4 2
18869 7 0
29945 1 2
20262 0 0
44917 0 0
29945 2 0
118675 5 0
81075 3 1
197400 7 4
82250 3 0
54380 0 0
110450 3 0
74025 11 19
19702 2 0
51465 2 0
31670 2 3
76182 0 1
13454 1 1
51562 0 2
41630 4 11
25590 0 0
27436 0 0
11750 0 1
19836 4 2
25478 4 1
213850 4 7
70500 0 1
35955 3 10
32195 3 10
66975 3 7
31725 3 5
24675 0 1
20562 0 0
54074 2 2
51803 2 3
70500 2 2
49826 0 0
55003 1 2
40845 2 1
40845 2 1
62225 0 0
65683 6 7
34138 4 1
33104 0 4
41975 2 2
30095 0 5
17128 0 0
26880 0 0
98088 2 10
70500 0 2
41826 0 4
37347 0 2
73691 0 0
102070 0 4
37342 0 2
47799 2 1
59746 0 6
88125 2 5
88125 0 5
74025 2 6
70500 6 1
25161 2 4
97525 5 7
35250 2 2
21099 2 0
117500 2 1
21099 1 0
35250 1 0
39950 19 0
44650 14 0
23648 7 0
76369 1 5
19090 0 3
58750 4 5
47000 4 6
47000 6 4
58750 3 5
35250 3 2
35250 4 3
35250 6 5
23500 3 2
35250 4 3
23500 2 2
23500 0 2
23500 1 1
17625 4 2
23500 2 2
35250 5 3
17625 1 2
17625 2 2
17625 0 2
25743 0 10
70500 5 5
58750 2 5
15480 2 6
66460 2 6
48020 1 2
41285 5 1
35250 4 5
11748 1 1
88125 5 0
47000 2 0
17625 4 2
14545 2 6
11748 4 0
29376 8 5
58750 4 11
88125 4 5
70500 11 5
17625 4 3
76376 3 0
17322 6 2
25590 12 3
34122 12 15
176250 5 4
17915 8 0
13057 8 3
58750 4 6
11938 8 5
176250 14 18
176250 0 5
17709 16 4
39768 23 0
38775 15 10
18480 4 2
32311 4 1
25762 3 12
38775 17 35
43301 14 21
47000 11 5
105501 4 3
42878 2 2
58750 15 12
19976 3 0
32900 2 1
21150 0 0
48174 4 8
15274 5 0
44650 2 0
14687 1 5
52874 3 0
84600 1 0
35250 2 2
23500 3 0
14688 5 8
35250 7 3
15274 3 4
29374 5 7
14689 4 0
19976 2 3
14688 7 6
17626 0 0
11750 1 2
17626 1 0
15274 5 1
21150 1 0
23500 2 0
14100 2 0
64624 4 4
29374 9 3
29374 9 4
23500 5 0
21150 3 7
11750 2 3
17626 1 3
47000 1 0
28200 0 3
23500 4 0
17626 3 0
11750 3 0
17626 1 4
35250 3 0
188000 0 0
11750 2 2
99874 6 0
16850 5 2
16850 4 0
25274 9 4
11750 2 1
42306 13 2
11750 5 0
39950 13 6
56400 5 4
11750 4 3
23500 11 6
58750 4 7
24675 4 3
79900 9 8
24205 35 0
23500 4 6
42888 6 3
42888 7 2
29375 8 1
33487 7 0
32430 10 6
31725 9 4
94000 4 5
70500 6 2
58700 2 3
58800 8 2
58800 3 11
70500 4 3
70500 4 5
47000 2 6
58700 2 2
32900 0 2
32900 1 3
51888 1 7
28200 1 0
14100 3 3
17625 4 0
14100 2 0
17625 0 0
12925 1 2
29375 1 0
14100 5 4
14100 3 4
23500 0 0
16450 0 0
14100 5 1
17625 2 3
12925 0 3
17625 5 2
14100 3 2
17625 0 2
17625 2 1
12925 3 2
23500 2 0
12925 5 8
16450 5 7
16450 4 2
14100 2 2
14100 3 3
17625 2 1
14100 3 2
12925 1 1
17625 3 5
42300 1 2
16450 3 5
17625 4 6
14110 0 0
23500 3 2
24019 5 5
19975 12 5
23500 4 8
31725 0 0
83430 3 1
44358 3 2
21150 3 14
83430 3 1
19975 4 3
47000 4 5
83430 3 1
16945 1 1
21150 6 3
47000 7 5
17625 4 5
23504 2 6
93354 10 5
32900 4 2
47000 1 1
62275 2 0
23500 3 0
21150 3 2
21150 4 2
21150 7 1
21150 6 3
22381 1 2
21150 2 2
21150 3 2
54238 3 3
31794 4 4
23500 5 7
35660 3 1
29375 3 3
35250 15 35
11750 3 1
58750 17 4
11750 4 0
29375 6 0
23500 2 0
57450 6 7
36877 17 12
14962 8 4
19975 5 6
19975 18 10
11750 12 18
16248 2 0
19975 11 3
39950 5 3
39950 14 9
39950 2 1
23500 3 3
45825 3 0
59570 10 6
104733 2 3
31794 2 10
17625 1 0
35250 5 15
11750 5 2
14962 3 3
11750 1 1
94000 5 4
117500 17 0
235000 15 0
117500 21 0
23173 7 0
66975 4 6
85540 1 2
59549 2 3
59020 3 5
258503 15 0
51121 6 15
55815 44 0
124414 4 2
16457 0 2
58750 5 2
19954 3 4
12515 1 0
11932 2 2
19954 4 5
43140 4 1
19954 3 5
16286 2 0
26525 91 0
13495 1 0
17691 0 0
23501 6 15
16457 4 1
58749 4 5
31397 4 6
13456 6 0
13040 5 4
27036 12 0
11951 3 0
15773 3 12
21669 2 5
15057 12 4
11981 2 0
12960 0 0
35176 10 7
35176 10 5
35252 17 0
11750 3 2
43724 3 2
15510 2 1
11750 2 2
26355 3 2
11750 2 2
14634 2 3
11750 4 2
27014 2 2
11750 2 1
11750 3 1
11750 4 1
54041 8 1
11750 2 2
19189 2 1
11750 1 2
11750 2 0
33876 0 0
11833 0 0
12845 1 5
32900 9 12
26673 2 1
35208 15 2
11750 3 2
22374 0 3
27217 1 2
15667 3 2
16596 1 1
47807 2 1
11750 0 3
20354 0 3
26703 7 2
62315 4 4
27374 4 5
28090 2 2
22623 3 5
11750 1 0
34224 0 4
33359 3 2
18032 1 4
17742 1 3
32430 3 1
18753 4 5
21669 3 0
23265 0 0
38555 0 0
20876 4 9
38648 4 2
32900 3 0
11750 0 0
45764 14 2
12504 7 6
75223 9 0
26147 10 1
19993 5 6
11873 4 5
24173 5 0
11750 15 8
22148 4 2
18696 2 0
19513 0 1
22160 0 0
64288 4 111
52315 12 18
34572 25 8
23500 5 4
23500 3 2
19387 6 2
23500 3 3
12925 1 2
23500 1 1
14217 2 1
23500 5 2
19387 3 1
25850 3 2
11750 3 5
11750 2 2
11750 3 2
11750 2 2
11750 7 0
11750 2 4
11750 1 2
58750 17 12
11750 0 1
12924 2 10
11750 3 4
35250 2 2
11750 4 3
23500 0 1
19974 5 4
23500 4 4
70500 10 12
52874 8 9
29374 8 5
14100 3 6
14100 8 7
14100 4 3
18800 5 0
14100 5 5
18800 1 0
36424 20 4
82250 5 20
30550 4 0
36424 6 6
47000 8 4
23500 1 0
23500 3 1
23500 2 4
18800 2 3
12924 2 5
12623 3 2
11750 3 2
11750 3 2
11750 8 4
15392 2 3
11750 0 1
23500 2 3
23030 1 3
11750 0 0
23500 1 1
13982 1 0
11750 2 2
23500 2 1
11750 1 0
36190 4 0
11750 2 0
28552 1 1
12572 0 1
19270 2 2
15275 1 2
14100 0 1
61217 0 2
23500 0 0
36660 0 0
18800 4 6
32430 0 2
37130 4 12
36660 1 0
40655 0 0
41125 6 4
11750 5 3
27965 0 4
32430 3 4
26320 4 4
34310 4 3
14217 4 12
44742 1 3
23265 2 2
14217 0 0
42887 2 6
23970 7 5
23852 6 20
22207 16 10
57574 3 15
11750 1 5
27142 5 13
28317 8 12
11750 6 5
19387 0 2
15745 1 4
37600 6 13
11750 5 0
14910 0 0
23382 2 6
11750 2 3
23500 4 5
36918 2 0
21209 0 1
22795 2 6
48410 4 28
39950 1 7
25579 3 1
17272 1 5
13630 3 3
22525 1 5
44062 2 3
24040 3 3
32900 2 5
27918 2 1
17120 1 2
11750 0 0
21577 3 3
11750 0 0
14100 0 3
118000 19 22
11750 6 4
23500 4 4
118000 15 23
11750 5 2
118000 0 8
12920 6 3
69983 3 1
11750 0 0
11750 4 4
45556 10 0
11725 22 8
23692 3 4
67901 63 35
11725 2 1
69040 8 12
92965 20 15
41095 5 10
19939 1 6
17731 1 3
11725 1 2
11725 2 1
11747 0 0
29814 1 5
20233 0 0
25608 3 7
31527 0 0
20684 0 0
40372 2 0
23494 3 0
19399 4 0
11747 1 15
25220 0 0
46527 0 10
25304 0 10
38768 3 10
46527 1 4
25200 0 0
22087 2 10
28954 3 0
11760 4 0
25380 4 2
11750 1 0
23500 0 0
40208 3 15
11750 0 0
23500 1 2
35103 2 5
11750 1 1
23500 2 5
27753 0 0
11750 3 0
54243 4 0
25380 0 3
39762 1 0
23729 2 8
22642 2 2
36771 7 5
19387 2 3
18030 2 3
95132 5 2
42770 2 0
17096 5 3
93840 0 0
39268 0 1
11879 1 2
18876 6 0
29157 2 3
11879 0 0
26590 1 1
28153 2 0
38358 0 0
11750 6 5
11750 4 5
11750 2 3
21620 2 0
13630 3 2
12925 4 1
13630 4 2
16870 1 0
24085 1 1
14570 3 2
19035 6 4
12925 5 7
12925 3 4
12925 2 0
12925 3 3
23500 1 0
14522 1 2
15350 1 4
11700 3 3
117498 4 3
119256 0 1
29375 0 0
70499 0 1
44672 0 1
14683 3 0
12722 4 0
49587 11 15
14217 1 0
53124 2 8
24640 0 0
14580 0 1
29350 2 4
11750 1 0
18109 1 0
30612 2 0
86593 2 0
11750 1 0
23500 1 0
47000 2 4
58750 3 5
35250 0 0
47000 0 1
14100 3 4
19975 0 0
14100 3 0
23500 6 4
35250 6 2
35250 6 5
29375 0 0
17625 0 0
17625 3 1
25850 10 0
35250 6 2
18040 3 1
17625 4 0
23500 6 4
18213 3 1
23500 6 2
11750 3 0
37600 6 0
105750 10 8
105750 12 0
105750 18 2
235000 15 5
184475 15 3
12168 6 2
14598 6 3
12925 2 2
17672 3 0
11820 5 0
12173 4 2
23500 10 1
23500 2 0
11750 3 2
12789 1 0
35250 6 6
28600 5 4
50473 7 0
12375 6 3
42281 6 4
23505 4 2
15877 7 10
11839 2 10
11750 0 0
15233 5 0
36420 0 3
17879 5 0
11750 3 0
15331 3 2
11750 5 0
16290 4 1
35250 6 2
16097 7 1
11750 1 1
11783 2 1
56851 5 0
19200 2 1
32590 4 4
19773 4 3
19322 2 2
35250 6 4
14908 6 7
12967 2 2
14683 2 0
11750 4 0
18288 6 4
20398 7 7
11750 2 0
14100 5 6
12408 3 2
35250 14 0
29995 5 7
11750 1 0
35250 14 4
17508 5 0
22203 6 3
11750 3 4
35250 6 1
28200 3 1
17761 12 0
21408 1 0
37600 8 0
17625 6 0
11750 2 5
22325 3 0
11750 5 1
15985 7 5
16624 5 5
28783 5 3
14462 4 10
12286 5 1
12685 4 2
66688 6 3
13766 6 2
17508 0 0
36359 8 1
29544 3 8
61514 6 4
29375 6 0
35250 4 0
35250 8 7
35250 16 3
35250 7 2
35250 7 2
42300 6 4
35250 4 2
35250 10 2
40580 5 2
26649 3 1
11750 3 1
70500 7 2
21150 1 3
84600 1 1
25850 0 2
45825 4 3
84600 2 7
35250 3 2
11750 3 0
21150 5 8
11750 3 4
59925 12 3
28200 3 1
31725 4 3
14100 2 2
32900 5 2
186200 0 2
47522 5 4
11750 0 2
11750 0 0
22985 1 0
11750 0 3
112800 3 0
11750 1 0
11750 3 1
17624 1 1
17624 2 0
11750 4 4
12831 3 2
12831 5 2
17108 2 2
12831 2 1
12831 4 11
12831 3 2
12831 5 1
12831 2 3
65800 2 5
63450 1 6
25850 2 1
37600 3 9
34942 4 2
117500 4 6
89300 11 6
28200 5 4
117500 8 12
117500 3 4
117500 5 4
82250 5 7
23500 3 5
117500 12 25
91649 2 4
77550 9 6
66270 7 4
41360 18 4
36072 4 1
11750 0 0
12549 5 0
20045 9 2
12126 0 2
13959 5 1
20962 5 0
12878 3 2
15451 3 2
19975 4 5
16602 2 2
12701 1 4
12702 2 4
11750 3 2
12126 3 2
28587 3 5
12702 1 3
16215 0 0
11773 5 2
14640 5 3
20856 2 0
16320 8 8
23383 3 8
72561 4 8
26766 2 5
15921 7 12
33393 7 6
18353 4 1
32312 0 0
28082 3 10
11750 4 4
15298 1 1
19646 6 2
17155 1 4
17766 3 2
15521 3 1
23568 2 3
117500 5 3
35250 2 2
47000 2 1
35250 1 2
32418 2 1
29375 0 0
23500 2 2
41181 0 0
39000 3 3
17390 3 1
70647 3 3
31020 1 1
11575 0 1
11720 2 3
11700 3 4
11750 1 2
13983 1 6
10223 1 1
26438 0 0
15392 2 4
41071 1 8
91065 2 7
44837 3 10
81504 5 4
16280 5 0
76187 12 6
38594 5 2
18095 3 5
11750 2 15
29375 0 5
38513 2 10
32313 4 2
36190 0 4
19386 2 5
11750 2 5
113505 5 6
44650 6 4
44650 13 0
70500 1 0
58750 4 0
64573 10 0
44650 5 0
44650 6 0
29375 6 0
116911 6 1
44650 6 6
76901 20 3
44650 5 0
44650 5 6
58750 4 0
44650 3 0
116910 9 0
32898 4 16
116913 9 6
44650 4 2
44650 9 0
116917 10 0
29376 5 2
58750 13 0
76375 5 5
5655 4 0
41125 3 0
116911 4 0
44650 5 0
44650 4 1
113974 6 0
44650 4 0
116911 8 0
29376 5 0
44650 11 0
15510 4 0
15510 3 3
13830 3 4
12611 3 1
12925 3 3
15510 3 0
78584 21 5
16802 2 0
11969 5 0
69795 5 14
13507 2 1
11831 3 0
11831 4 7
11831 3 2
70500 11 3
88125 11 0
299625 14 6
64625 3 1
58750 2 0
47000 5 4
58750 4 0
47000 4 3
58750 2 4
199750 27 8
50465 13 0
70500 2 1
76375 9 3
41125 7 1
23500 3 0
23500 1 0
74025 4 1
64625 6 1
29375 7 2
342160 6 4
129250 5 3
129250 6 4
129250 5 4
82250 6 1
94000 3 0
163560 4 3
82250 6 3
29376 2 2
17532 2 2
11750 3 2
16650 4 6
25850 3 0
28200 0 2
17626 3 5
28940 5 2
11750 5 0
18104 2 2
18682 5 6
11750 4 2
11750 3 2
18800 4 0
18283 4 3
23500 4 9
18968 3 4
17500 3 1
20541 3 3
20541 3 5
24678 2 3
19978 3 6
25854 2 1
25854 4 2
20175 3 2
25854 2 1
23500 3 1
25854 3 2
23500 3 2
25854 3 2
19977 3 2
22647 6 9
22324 10 18
21150 4 3
7269 2 0
7269 1 0
7269 1 0
7267 2 1
7267 1 0
7269 3 1
7269 3 0
31726 2 1
21150 0 0
23500 5 0
11750 3 1
11750 0 1
23500 2 0
17626 3 0
17626 1 3
11750 2 5
11750 1 2
16450 0 2
11750 4 2
21150 3 1
16450 3 5
14100 3 2
14100 2 12
17626 8 5
17626 5 10
15276 2 8
17626 4 10
11750 4 3
19976 4 2
11750 4 11
16450 4 2
21150 5 0
11750 2 1
28200 2 0
11750 4 10
30550 4 0
11750 2 2
11750 1 30
12926 4 0
11750 2 0
11750 2 0
23500 6 4
12926 1 0
17626 3 1
68928 107 136
16057 8 2
31291 12 14
29916 18 10
23596 2 1
15383 0 0
18980 10 4
25623 5 2
12372 6 0
38778 1 1
25847 0 0
12415 4 25
53519 0 2
40717 1 2
22145 9 0
14758 6 0
14185 10 2
47577 6 2
13023 3 5
18105 1 2
44074 4 5
17525 1 5
21526 6 3
12369 6 4
19964 2 4
14439 2 0
20925 9 3
21913 0 8
29567 3 2
47130 1 6
12952 2 1
13618 2 1
22425 5 1
20001 0 0
12943 0 0
17867 1 0
29150 2 1
44177 8 19
12315 2 2
26364 2 6
29444 13 12
29025 10 29
44519 5 5
18454 0 3
45725 4 5
18788 3 5
18114 0 0
13137 2 3
24127 1 2
37818 2 7
35454 5 5
13930 4 5
20143 0 2
15617 1 2
31224 1 0
17155 2 0
12664 3 2
12806 2 1
12644 2 2
30710 2 0
11870 4 0
13930 2 5
13545 2 0
12082 2 2
12452 2 3
12452 3 5
12931 4 4
11883 0 0
11880 1 0
11880 0 0
11880 0 2
94000 8 10
70500 3 0
131812 4 3
70500 3 4
70500 2 0
41125 2 0
23500 5 0
105750 9 6
105750 0 6
88126 6 2
58750 2 2
94000 1 2
58750 3 0
58750 2 1
70500 3 0
58750 2 2
190000 14 60
120961 0 1
190000 0 1
36000 2 2
17700 1 3
24000 2 2
11000 1 2
43000 2 3
13000 2 2
13000 1 30
11000 1 0
13000 1 1
19000 1 0
13200 1 0
18000 1 0
12000 1 1
12000 0 0
20739 1 2
11745 1 0
11745 2 1
20493 2 3
19630 5 4
11775 4 0
11745 3 2
11745 2 6
11745 8 0
29375 3 0
30550 1 1
28200 3 5
37600 6 4
29375 1 4
28200 2 0
39950 3 5
35250 1 3
27025 3 5
30550 3 6
23500 3 0
29375 2 0
30550 2 2
23500 2 6
36096 0 0
34075 4 3
32900 2 8
23500 3 0
82250 4 4
117500 2 1
82250 6 6
70500 3 4
82250 3 6
70500 5 5
70500 7 6
141000 6 2
105750 3 4
82250 9 6
94000 8 0
117500 3 2
76375 3 8
117500 4 5
60111 7 4
59135 4 2
117409 2 2
81917 1 0
117409 7 12
58785 3 15
58765 3 4
70309 4 2
58784 3 2
22322 1 3
12925 5 5
117500 5 5
38772 5 8
28576 2 8
47000 5 3
27027 5 8
19973 7 4
41123 4 4
29377 4 2
12930 2 9
11750 4 3
29373 4 12
105750 5 4
79032 15 9
135453 10 17
97092 9 9
16771 9 12
32140 3 3
41442 5 8
91529 7 5
133480 2 1
211500 0 7
35170 2 2
11750 2 3
23500 3 3
14338 4 2
11750 5 3
11750 3 0
11750 1 3
11750 7 5
58163 6 4
51700 4 2
58163 4 4
17625 3 2
11750 1 7
11750 5 0
17517 3 4
16669 5 3
12149 6 4
38424 9 8
15820 1 0
16669 3 8
16669 8 0
32208 6 5
17799 2 4
12149 11 2
13844 2 2
22602 8 6
21470 4 8
16388 3 0
12149 7 46
55695 7 9
11750 5 0
13513 3 6
11750 4 0
15980 8 10
53968 6 2
26790 10 5
12573 6 1
11750 5 10
33957 7 0
11750 3 2
89887 3 3
11750 2 2
58163 5 6
147932 3 4
11750 5 4
59925 7 5
19035 2 3
19975 3 8
81662 6 0
98818 7 5
48763 11 6
12338 4 10
111625 4 1
65800 5 11
41125 3 1
63450 3 3
11750 2 9
35955 6 35
11750 5 4
11750 3 9
48763 4 7
15275 4 0
20210 5 4
14100 3 3
59338 4 2
127722 17 26
17625 4 3
12338 3 14
11750 2 5
70500 2 0
70500 0 4
94000 1 2
70561 1 0
12570 5 0
12100 7 2
19270 14 3
12220 18 3
13749 13 12
11990 18 1
17063 5 0
11985 7 2
11985 7 10
11750 3 4
11750 1 5
24710 0 0
11750 1 0
11750 2 0
11750 1 2
11750 7 2
49150 2 0
11750 1 0
58750 3 6
54312 4 5
58750 4 5
46918 0 3
24252 12 3
94120 14 13
70570 6 2
117121 0 0
59988 5 0
56453 6 2
117730 6 15
17625 2 2
58750 5 12
111625 4 1
11750 1 2
47000 2 3
58750 2 3
29375 0 2
47000 7 8
17625 2 1
17625 5 5
47000 3 4
35250 1 15
47000 3 9
47000 6 1
20562 3 1
25850 5 2
11663 18 0
117500 3 5
143143 3 5
117500 4 8
117500 3 5
14100 18 26
38764 2 12
48702 25 20
14688 5 19
14218 1 0
141000 11 11
11864 17 0
37721 8 0
12502 2 4
35296 1 2
37124 11 9
20481 2 2
12857 8 7
18457 5 4
23388 4 6
12765 2 2
11853 1 0
27184 2 8
27026 0 10
16139 6 9
18147 4 1
21262 6 2
67614 6 8
19116 1 2
19116 1 1
60894 3 9
11750 8 1
21115 5 0
84390 5 1
17242 3 5
62132 2 4
49050 5 3
12549 9 5
12902 5 4
18035 2 0
21045 6 10
16689 7 4
21107 0 20
33566 3 3
21977 4 2
15782 7 1
21715 18 3
12799 4 3
11750 6 6
15189 5 2
12479 7 10
44172 2 5
34962 1 8
12177 4 17
11750 15 3
18702 7 2
11750 4 5
38775 4 2
115503 3 3
132911 0 8
103400 0 4
158006 7 12
156304 6 18
145113 7 1
88125 5 4
97402 8 4
88125 5 1
122684 3 5
81749 0 2
52758 3 1
214738 5 4
106899 6 7
249998 1 2
21526 2 2
194908 25 15
296048 7 5
132188 87 63
293750 4 6
73385 1 2
146875 9 5
50279 5 10
106603 2 10
38145 0 1
111831 4 8
93400 3 5
95768 3 2
75135 3 10
53779 4 5
78438 6 10
68459 4 25
167861 0 3
35250 1 5
52445 0 0
35250 0 0
55884 0 1
69351 0 2
121370 0 0
41841 0 1
243053 15 8
53033 6 4
39933 3 1
29491 7 5
41128 3 2
41128 4 2
23818 3 1
46801 7 4
35172 4 1
35172 5 1
29491 4 8
23818 4 1
49040 3 3
49040 3 2
49126 5 29
49040 6 4
117241 5 4
11868 4 8
42641 5 2
17585 3 2
11849 4 4
12395 2 0
11750 1 2
22312 3 3
11931 3 3
23929 2 2
12395 6 8
11750 2 1
14380 4 2
35342 9 0
28758 3 2
20479 10 3
11750 3 1
112552 8 10
35699 6 8
16450 2 1
87761 4 2
50080 1 8
123304 6 15
16450 0 0
173195 7 23
261450 12 15
35837 6 2
12807 1 2
14100 3 2
33135 3 3
72850 6 0
15275 2 2
26952 6 3
36307 1 3
23500 12 2
51582 0 3
21385 4 2
40185 4 4
20562 2 2
33252 5 8
21855 3 2
16685 1 0
12807 2 2
25611 4 27
41007 4 1
21737 3 2
22325 4 3
110105 2 2
131247 1 2
11750 7 2
29022 3 5
117478 5 6
24205 1 0
14805 2 0
17390 5 0
140647 0 7
29375 5 3
15275 7 10
205625 5 4
25967 3 1
36190 2 0
44650 8 10
129250 2 3
11750 4 0
23735 4 8
130425 0 2
26158 0 0
11750 2 1
98340 1 2
106330 2 1
42650 1 1
30195 1 5
83300 1 0
68780 0 6
28900 1 2
320630 1 2
73430 0 8
47820 0 1
140280 0 5
469960 3 5
479855 0 1
23500 1 5
56047 1 5
81898 2 0
37012 1 2
20445 1 0
45698 3 0
18800 5 1
18800 1 0
25027 0 0
24793 0 0
199750 4 5
141000 2 9
64625 3 6
15660 0 0
11753 1 1
17625 2 2
17625 5 0
47000 8 7
17625 0 1
17625 3 0
11750 4 2
17625 3 1
23500 2 0
17625 5 3
17625 0 5
17625 3 1
17625 3 0
17625 2 2
17625 1 1
29375 4 5
17625 0 0
11750 3 0
11750 2 2
17625 3 1
23500 1 0
90475 6 0
19468 2 0
17625 2 1
11750 2 0
82250 14 3
11750 0 0
94000 5 2
17625 3 1
58750 6 0
235000 10 3
12922 2 0
12867 1 4
12867 2 4
12867 0 4
12867 12 12
12867 12 3
12867 5 4
23500 2 4
23500 3 4
23500 5 5
23500 15 2
35250 7 5
17625 3 3
23500 4 6
35250 4 4
23500 7 1
23500 2 2
26658 8 0
23500 2 2
35251 3 0
29375 3 6
17625 1 0
29375 1 0
22646 6 0
18930 3 0
18930 3 0
18931 3 0
18930 6 1
190350 8 140
83507 19 24
37600 4 6
37600 6 24
88125 2 0
62275 3 1
15276 3 5
31725 5 5
25850 2 2
47000 3 2
94000 3 4
41125 2 1
23500 7 28
71039 2 4
28778 1 4
28778 3 8
16870 2 0
15265 3 0
14824 2 0
12454 1 0
12565 1 0
82015 10 7
36895 10 14
51282 4 6
108650 0 2
58750 2 0
141000 9 4
47000 4 2
47000 3 4
47000 5 6
47000 4 2
82250 11 2
82250 3 3
115150 6 0
58750 3 2
105750 14 3
58750 4 0
58750 5 0
50000 4 2
82250 6 6
88126 7 4
112800 8 0
47000 3 0
128074 6 7
105750 20 3
35836 6 8
58750 6 1
11750 4 2
11750 3 2
39950 7 4
14100 2 2
23500 4 5
12924 4 5
45236 18 20
96350 10 4
52874 5 6
37600 12 3
59924 7 5
25850 2 5
11750 2 0
23500 4 6
23500 4 2
29374 3 2
31724 8 9
105750 3 5
23500 3 3
23500 3 2
35250 2 3
65800 5 6
25850 1 0
71674 7 5
16450 2 0
23500 3 1
12924 2 2
11750 0 2
23500 7 2
23500 3 0
23500 7 12
31724 14 2
35250 9 6
12335 3 1
35250 15 10
18209 6 5
18800 10 11
17624 5 2
18800 10 36
23500 8 12
23500 20 2
25850 4 6
11750 5 6
11750 4 0
23500 9 60
88124 2 5
32900 15 4
14100 5 1
11750 1 0
11750 2 0
70500 6 4
23500 3 1
11750 2 1
35250 2 2
85774 5 8
85774 20 3
39950 5 4
29374 3 4
23500 6 21
11750 2 32
23500 2 1
23500 9 0
18800 3 10
12335 5 0
82250 6 4
116324 8 2
51700 3 1
49350 11 20
23500 3 0
27375 5 4
25850 3 1
38774 4 3
23500 4 6
23500 4 2
18209 3 0
18800 2 2
29374 4 5
23500 3 1
23500 3 4
23500 1 1
64035 5 3
95174 5 3
29374 6 9
11750 10 15
27024 7 3
52285 5 3
12924 4 4
11750 4 3
41124 2 5
112800 5 10
23500 1 0
24699 0 0
88171 0 1
77432 0 1
58550 0 0
47000 1 0
58750 2 0
65800 0 1
58750 1 1
58750 0 3
35250 0 2
82250 0 1
21094 0 2
30578 3 3
36730 0 8
20680 0 9
21935 4 6
12399 3 4
32313 10 15
26641 1 4
12925 15 1
23500 0 0
16206 5 4
13386 5 10
54050 0 5
38775 2 6
39950 3 3
29610 1 3
24675 0 2
25850 2 3
17390 1 1
39480 2 7
39480 1 3
19834 3 1
29375 2 4
43475 3 0
11750 2 1
11750 1 0
32665 4 3
24557 1 0
28553 1 2
35250 6 6
13630 2 6
20680 5 15
16015 1 3
17625 1 5
23500 0 2
56400 1 2
64625 1 5
69325 0 1
25850 2 0
14100 2 2
68150 3 1
39950 0 0
28815 1 2
16685 1 4
11750 4 2
19974 3 0
15510 0 0
12807 4 3
12925 1 0
13021 3 30
17625 1 1
14254 1 0
11738 4 0
11738 2 0
14169 0 0
12940 3 0
11738 1 0
11738 4 2
11739 5 0
11739 2 1
11738 1 0
13508 0 0
13573 5 5
71087 8 1
12926 3 5
97457 11 8
141000 8 0
51700 6 1
25850 5 17
117500 6 1
32312 4 2
99523 0 64
58700 4 6
14100 2 2
58700 0 0
12900 2 2
12900 2 1
35300 3 6
66100 7 7
12100 4 2
15300 8 2
58700 6 8
58700 1 4
12100 1 0
20000 3 6
18800 2 4
22300 3 2
20000 3 3
18100 1 5
12900 1 0
58700 1 0
12100 4 0
16500 1 3
12100 9 4
12100 4 3
15300 0 0
58700 2 4
15300 1 3
15300 0 0
14100 2 2
15300 2 0
41100 3 12
12100 0 0
12900 0 1
37700 3 3
16500 5 5
25800 2 2
64600 3 5
15300 4 2
20000 3 2
35300 0 0
14100 1 4
15300 2 1
58700 5 8
16500 3 3
12100 3 0
12100 4 0
12100 2 0
35300 3 2
58700 4 7
14100 2 1
15300 2 0
14100 6 3
12900 2 2
15300 4 2
12100 2 3
12261 2 10
52900 2 2
18800 5 3
14100 3 3
12900 0 0
35300 2 1
15300 2 0
21100 8 0
12900 5 0
12100 5 3
14201 0 0
14201 3 0
105031 9 5
42605 6 10
40195 5 11
32153 10 48
19563 1 2
17625 2 0
17625 4 3
11750 2 2
28757 2 4
17625 2 10
23500 4 2
17625 3 3
17625 3 4
17625 1 1
13512 4 4
12926 1 4
13512 6 6
17624 3 2
13512 4 4
13277 0 0
11750 2 0
16849 3 0
15674 1 8
52992 4 5
77550 5 8
66435 6 7
46013 3 5
42652 5 7
15510 2 0
26367 4 5
32571 2 3
33346 3 0
36190 2 4
20680 3 0
56047 6 0
19387 2 0
31020 2 0
21973 3 2
19388 3 0
11750 2 3
18098 2 2
17525 1 6
25850 3 3
19388 4 5
11750 2 2
31480 4 2
23500 1 1
17625 2 2
23500 3 3
35250 2 2
17625 3 2
29375 1 1
29375 4 5
29375 3 0
29375 2 3
35250 6 1
35250 2 1
29375 2 2
35250 4 2
17625 3 2
17625 2 2
23500 2 2
23500 0 0
23500 5 0
47000 4 2
29375 0 2
47000 8 5
29375 2 3
47000 9 3
29375 3 5
35250 6 7
35250 10 3
47000 4 1
11750 1 1
23500 6 3
23500 3 1
34075 4 1
29375 2 3
117500 5 4
29375 2 1
35250 2 1
17625 6 3
29375 0 3
76375 5 14
199750 6 2
23500 1 0
23500 2 4
29375 3 3
35250 2 7
29375 4 7
34095 15 0
23500 3 0
29355 2 1
29375 2 2
17625 2 1
23500 0 1
47000 8 3
11750 2 2
141000 6 5
34544 7 8
29320 4 5
35840 6 3
35180 6 2
35200 3 5
29375 3 5
14099 0 15
35186 5 5
35250 3 0
25800 0 0
17600 0 2
35183 4 8
35200 2 1
25800 3 3
23440 11 3
23452 5 3
14100 0 0
12514 6 21
12513 4 3
12337 2 3
12514 2 5
13129 6 3
12514 5 8
12338 1 2
12337 2 0
14100 6 0
12924 1 0
115150 16 2
58750 8 0
23500 3 4
115150 10 0
42300 4 1
23500 11 12
70500 6 3
82250 4 8
11750 2 2
12924 2 0
23500 10 2
105750 2 1
11750 4 15
12924 4 0
28200 4 2
16450 2 2
23500 7 5
37600 3 5
12924 0 0
47000 6 7
14100 5 8
11750 5 5
23500 4 0
30550 0 3
44708 10 0
12924 4 1
115150 7 2
23500 5 0
28200 4 2
23500 6 2
23500 4 0
112800 10 0
11750 3 8
14100 0 0
11750 0 0
110454 9 3
82250 7 1
52875 3 0
59311 2 0
23500 2 2
47000 3 0
23500 3 0
19975 2 0
35250 2 5
35250 2 2
38775 2 0
19975 1 5
47000 10 5
23500 2 0
41125 7 3
29375 2 1
29375 4 0
23500 1 0
23500 1 2
23500 3 15
136300 2 5
41125 9 10
11750 2 6
15274 4 0
25041 2 3
11750 10 6
113036 10 11
73086 8 4
114248 10 12
11750 3 0
66975 5 10
194645 8 34
227149 10 5
100580 5 13
135337 17 7
11750 4 3
11750 6 4
11750 9 4
16450 2 3
23500 6 2
11750 5 11
14100 6 4
20648 5 4
17626 4 3
23500 0 0
23500 3 0
58750 3 0
23829 1 0
31725 2 0
11750 2 2
11750 3 0
11750 2 2
11750 4 2
11750 5 13
11750 6 10
11750 0 3
11750 8 0
11750 4 2
11750 4 0
11750 5 2
11750 2 7
11750 2 1
11750 4 0
35250 3 0
11750 0 0
11750 2 3
11750 5 0
12926 2 3
12925 1 0
11750 6 0
11750 4 0
11750 1 5
17695 0 0
18800 2 15
19035 3 0
18800 5 2
19035 3 0
18800 10 2
19027 2 0
17625 0 5
11750 3 1
11750 2 0
11750 4 4
16685 2 6
11750 2 4
11750 4 5
47000 5 3
24675 1 2
23500 0 0
17625 0 10
35250 0 0
23500 0 1
51700 3 0
35250 4 2
35250 6 6
54295 4 2
119850 3 0
115150 3 2
22325 5 5
14100 1 2
14100 0 0
17625 4 5
14100 3 10
21150 4 15
14100 0 2
11750 4 8
141000 4 4
50000 9 0
58750 5 0
70500 6 6
11750 3 5
23500 2 70
11750 6 0
11750 7 3
47000 4 10
94000 6 0
94000 4 0
58750 6 15
58750 5 6
11750 6 0
11750 2 4
11750 3 3
11750 5 0
11515 14 6
11750 3 2
11750 2 0
91370 17 0
111625 15 0
94000 4 1
105750 11 0
117505 6 15
214550 3 10
117505 7 5
88240 10 1
26870 5 14
26870 5 34
29375 3 0
29375 1 2
17625 6 10
41125 5 0
58750 8 0
58750 5 4
35250 12 30
81075 15 30
17625 10 1
29963 3 2
12337 3 0
94000 3 4
62980 3 2
39240 6 0
35260 2 2
39240 9 6
35260 5 4
39240 6 2
39240 2 2
45355 6 0
176250 15 5
64625 21 6
47000 15 3
35250 7 2
52876 39 12
11749 12 7
23500 3 0
23500 3 0
40655 5 0
5288 2 2
11750 0 0
12337 1 1
11750 2 0
11750 2 4
11750 3 2
18000 4 0
15500 5 6
11000 2 0
15000 3 7
12000 4 2
18000 5 1
18000 2 2
12000 2 0
11000 3 2
13000 4 2
23000 2 0
12000 5 2
16151 4 2
80041 6 1
14101 5 0
14230 4 35
14101 10 10
14101 8 2
11747 8 8
11747 3 0
11747 6 18
11747 5 11
14101 4 4
11747 6 157
12925 3 0
12925 4 5
12925 4 2
12925 0 4
12925 4 5
117500 2 2
117500 3 0
35250 0 0
47000 2 0
58750 0 0
58750 2 0
58750 5 2
35250 1 0
35250 3 0
58750 2 0
35250 4 50
35250 2 0
65213 2 0
35250 2 0
129548 0 5
66737 5 5
78514 4 2
58885 3 2
58885 6 6
11750 4 0
15666 3 0
11750 1 0
15666 2 1
15668 2 3
70000 8 20
39000 3 0
41000 2 1
40000 15 3
23000 2 2
27000 8 3
87000 4 1
100000 7 0
60000 3 1
40000 8 5
90000 3 1
110000 5 0
100000 6 0
80000 5 1
50000 8 7
48000 2 2
20000 5 5
20000 2 2
20000 3 4
100000 3 6
50000 5 3
50000 1 0
150000 5 2
26000 2 0
69843 14 0
71000 3 4
100000 12 4
75857 14 1
100000 0 11
69928 1 0
135000 4 4
110000 7 3
69943 0 2
160000 6 4
100000 8 0
50000 3 3
50000 4 0
204357 3 4
196073 4 0
50000 3 0
100000 2 4
100544 8 3
80000 4 0
50000 1 0
50000 1 0
50000 1 0
58686 0 0
55000 0 0
100000 0 0
50000 4 2
50000 7 0
55000 2 0
50000 7 3
45000 3 2
50000 3 0
75000 2 1
100000 10 10
60000 6 0
100000 8 1
50000 2 0
200000 12 0
200000 0 0
200000 0 0
50000 5 2
50000 3 3
50000 5 2
50000 2 1
150000 3 1
150000 23 148
50000 8 4
50000 13 2
30000 5 1
40000 9 3
30000 2 1
80000 6 5
40000 4 0
25000 8 3
100000 5 8
300000 2 2
150000 5 5
500000 30 0
100000 4 1
119843 4 3
100000 11 2
146857 5 3
150000 4 2
55000 8 2
129932 2 2
129942 4 5
150000 2 2
200000 0 0
208686 1 3
204357 1 3
90000 5 0
106076 9 5
150000 0 0
150000 3 1
215590 2 0
170547 3 2
165000 5 1
100000 9 1
200000 10 5
120000 3 0
100000 4 3
40000 0 3
20000 2 1
20000 0 0
200000 16 27
150000 3 1
198000 0 0
30000 2 3
30000 1 1
30000 2 1
50000 5 5
130000 18 20
30000 2 1
140000 0 0
100000 0 0
200000 0 5
150000 12 0
100000 11 0
100000 15 0
100000 10 0
70000 5 0
70000 1 2
80000 3 0
200000 9 10
150000 5 0
50000 7 3
40000 2 0
0 3 0
100000 6 2
70000 5 0
70000 1 2
80000 3 0
70000 5 3
127000 6 0
30000 2 1
30000 3 1
70000 15 10
50000 6 2
65000 8 3
50000 4 6
120000 3 0
60000 3 2
200000 0 0
100000 4 1
50000 4 0
490000 3 0
200000 2 0
120000 0 0
100000 0 0
100000 2 3
100000 2 5
100000 3 6
100000 7 2
240000 5 2
75000 6 3
90000 3 2
70000 4 0
70000 7 5
319843 1 0
146857 1 0
279928 1 0
279943 2 2
408685 1 0
204357 2 0
196073 2 0
315590 0 0
335550 3 2
60000 5 2
100000 4 4
100000 3 5
25000 2 0
35000 0 0
54000 0 0
76801 3 2
250000 1 2
135550 25 36
24000 2 2
24000 7 2
24000 1 2
25000 3 0
24000 3 2
95771 4 2
250000 5 3
140073 6 8
100000 5 4
122000 1 4
25000 3 4
25000 1 2
205590 4 0
169843 1 0
130157 2 2
25000 2 2
25000 6 3
25000 2 2
25000 2 0
25000 2 1
158686 6 6
100000 30 11
30000 0 5
110000 3 3
25000 2 4
50000 0 0
25000 0 0
82358 3 0
25000 5 0
107142 1 1
146858 6 4
25000 1 0
25000 2 2
100000 3 0
56000 2 3
25000 2 1
25000 1 0
96000 21 12
100000 15 0
120000 5 6
200000 10 0
30000 6 12
50000 6 4
30000 4 0
30000 6 0
30000 5 2
30000 4 1
30000 4 6
80000 1 4
80000 2 0
40000 1 2
300000 2 10
300000 2 10
500000 2 8
500000 2 8
50000 1 0
50000 2 1
50000 7 2
50000 23 3
230000 6 1
80000 10 3
30000 6 5
30000 5 2
40000 5 5
70000 4 4
319843 4 2
146857 5 6
129943 21 5
408686 0 0
196073 7 21
204357 0 3
250000 4 5
315590 1 5
335550 0 4
150000 6 3
279928 7 12
100000 8 3
40000 5 2
150000 5 3
46857 10 2
279928 1 3
80000 12 2
140000 6 2
59943 4 7
148685 6 3
100000 6 4
60000 3 3
100000 0 1
96073 5 4
100000 4 2
160000 0 2
100000 0 0
200000 0 6
104357 0 4
315590 3 2
335557 0 0
129842 2 1
100000 0 3
150000 3 2
30000 3 1
30000 3 5
15000 11 6
15000 3 0
30000 5 4
30000 4 4
50000 0 0
100000 2 3
100000 3 1
75000 4 0
100000 4 0
50000 6 0
400000 9 10
75000 4 0
75000 1 5
300000 1 0
40000 2 3
50000 3 1
40000 1 0
25000 2 1
25000 1 0
30000 2 2
50000 3 38
50000 9 4
50000 3 2
50000 5 0
50000 4 0
50000 7 0
50000 5 4
100000 5 0
50000 9 8
50000 7 18
47000 10 15
50000 0 0
50000 5 0
60000 5 0
50000 5 0
50000 4 9
50000 8 9
50000 3 2
100000 10 3
40000 4 30
40000 2 2
150000 10 5
115000 6 0
100000 10 1
104843 2 0
50000 5 0
46857 11 0
50000 2 0
50000 0 0
50000 4 0
50000 3 0
50000 8 3
79928 12 0
150000 17 0
129943 8 0
100000 4 4
100357 4 0
100000 5 2
100000 12 7
108686 4 0
104000 6 3
96073 6 0
100000 5 3
115590 9 0
100000 0 0
100000 2 0
335548 10 2
50000 1 3
50000 7 0
50000 15 3
50000 10 3
50000 2 2
50000 0 5
50000 4 2
50000 5 0
50000 5 0
50000 7 0
100000 15 3
80000 6 0
320000 0 2
95000 4 12
100000 7 0
200000 0 0
200000 0 0
200000 0 0
200000 0 0
200000 0 0
95000 15 0
150727 11 0
112000 9 0
30000 5 0
30000 4 0
15000 0 0
15000 2 3
50000 9 0
100000 3 0
25000 4 5
50000 3 7
177164 10 12
153036 0 11
125000 3 0

 