Eigenvalues:
 22.946585 
Eigenvalues:
 1931.665464 
Eigenvalues:
 2593.979592 
Eigenvalues:
 3457.339562 
Eigenvalues:
 5625.151474 
Eigenvalues:
 8672.065947 
Eigenvalues:
 18914.627989 
Eigenvalues:
 47522.678185 
Eigenvalues:
 57483.681267 
Eigenvalues:
 225653.068540 
Eigenvalues:
 7494628.795394 

Delta= 95 
  Results 
 197  198.000000 
 199  200.000000 
 201  202.000000 
 203  204.000000 
 205  206.000000 
 207  208.000000 
 209  210.000000 
 211  212.000000 
 213  214.000000 
 216  217.000000 
 218  219.000000 
 220  221.000000 
 222  223.000000 
 224  225.000000 
 226  227.000000 
 228  229.000000 
 230  231.000000 
 232  233.000000 
 234  235.000000 
 236  237.000000 
 238  239.000000 
 240  241.000000 
 242  245.000000 
 246  247.000000 
 248  252.000000 
 253  256.000000 
 257  258.000000 
 259  261.000000 
 264  267.000000 
 268  273.000000 
 275  296.000000 
 304  305.000000 
 311  318.000000 
 322  325.000000 
 326  329.000000 
 330  334.000000 
 335  336.000000 
 339  340.000000 
 341  342.000000 
 343  346.000000 
 347  348.000000 
 349  352.000000 
 356  357.000000 
 362  365.000000 
 366  371.000000 
 372  373.000000 
 376  377.000000 
 379  381.000000 
 383  387.000000 
 388  389.000000 
 391  392.000000 
 393  394.000000 
 395  399.000000 
 410  412.000000 
 413  414.000000 
 441  446.000000 
 448  451.000000 
 456  465.000000 
 466  467.000000 
 472  476.000000 
 477  484.000000 
 1001  1002.000000 
 1004  1017.000000 
 1030  1034.000000 
 1035  1037.000000 
 1038  1039.000000 
 1041  1044.000000 
 1  2.000000 
 3  4.000000 
 6  7.000000 
 8  9.000000 
 10  11.000000 
 12  13.000000 
 14  15.000000 
 16  17.000000 
 18  19.000000 
 20  21.000000 
 22  23.000000 
 26  28.000000 
 29  33.000000 
 34  35.000000 
 36  37.000000 
 38  40.000000 
 41  42.000000 
 43  44.000000 
 45  51.000000 
 52  53.000000 
 54  55.000000 
 56  57.000000 
 58  59.000000 
 60  62.000000 
 63  64.000000 
 65  66.000000 
 67  68.000000 
 69  71.000000 
 72  73.000000 
 74  75.000000 
 76  77.000000 
 78  79.000000 
 80  81.000000 
 82  84.000000 
 85  86.000000 
 87  88.000000 
 89  90.000000 
 91  92.000000 
 93  94.000000 
 95  96.000000 
 97  99.000000 
 100  101.000000 
 102  103.000000 
 104  105.000000 
 107  108.000000 
 109  110.000000 
 111  112.000000 
 113  114.000000 
 115  116.000000 
 118  119.000000 
 120  121.000000 
 122  123.000000 
 124  132.000000 
 133  134.000000 
 135  136.000000 
 137  138.000000 
 139  140.000000 
 141  142.000000 
 143  144.000000 
 146  147.000000 
 148  149.000000 
 150  151.000000 
 152  153.000000 
 154  162.000000 
 166  167.000000 
 168  170.000000 
 171  172.000000 
 173  174.000000 
 175  176.000000 
 177  178.000000 
 179  180.000000 
 181  182.000000 
 183  184.000000 
 185  186.000000 
 187  188.000000 
 189  190.000000 
 191  192.000000 
 193  194.000000 
 92.5416  73.432513 
 5.88547  35.300393 
 70.2081  28.096191 
 87.1363  79.776499 
 36.243  18.249808 
 49.6665  45.067095 
 81.7854  5.555862 
 105.361  4.575460 
 381.204  26.712747 
 8.03762  119.627795 
 10.0615  63.762947 
 9.08766  41.684105 
 35.9074  76.139589 
 23.7525  142.216169 
 67.7558  20.597788 
 76.8188  104.284923 
 18.5416  4.473983 
 3.58088  224.758597 
 26.8636  212.911324 
 50.9215  33.628254 
 42.1683  103.701129 
 136.061  713.711764 
 34.0272  4.102289 
 27.0867  2.667541 
 2.49756  103.829221 
 7.46072  34.755449 
 4.35974  5.741187 
 15.9894  45.399798 
 2.46225  6.424390 
 66.503  73.935542 
 11.1305  3.684256 
 9.97049  28.031419 
 1.35241  40.905330 
 11.7227  30.793455 
 42.7163  10.023429 
 32.2605  25.495269 
 36.8701  42.948416 
 87.9632  228.668981 
 99.1461  28.749899 
 9.62216  1.359974 
 54.2136  107.547742 
 116.106  299.102890 
 14.3332  20.479493 
 144.909  14.952535 
 25.9761  268.149429 
 12.3536  4.526119 
 104.665  91.264814 
 209.33  196.452926 
 4.81212  1.387719 
 50.733  118.633179 
 212.529  37.744725 
 30.1025  320.669960 
 0  41.450044 
 141.123  405.347359 
 12.8752  117.612150 
 8.98989  74.655250 
 89.5664  37.992598 
 40.5997  37.339465 
 142.929  9.122607 
 53.4638  93.289532 
 57.1553  19.139209 
 5.49147  85.213352 
 170.643  90.453986 
 57.8107  7.372961 
 9.61494  1.846687 
 17.6469  153.910670 
 119.836  5.010210 
 2.69196  379.300890 
 13.4972  2.462250 
 19.7182  200.667783 
 93.6182  25.650544 
 26.3448  65.285854 
 21.5148  176.510003 
 1898.88  91.241365 
 304.552  6.355976 
 3.43944  158.859588 
 187.802  26.561371 
 8.65791  110.316703 
 21.2866  8.028500 
 76.9769  148.320170 
 97.1784  6.713123 
 88.6313  333.404629 
 27.8383  11.662869 
 0  71.250154 
 0.369757  10.360736 
 3.85509  81.568715 
 54.6366  23.501931 
 90.4466  57.162095 
 162.85  305.874565 
 6.3233  59.415851 
 46.9662  56.660855 
 815.675  47.723188 
 277.021  328.086215 
 113.59  11.709047 
 33.9699  0.913379 
 122.672  59.978744 
 7.49106  12.504248 
 24.2085  400.110964 
 263.576  25.930889 
 36.8953  254.783774 
 6.87014  12.625935 
 23.7836  3.159890 
 5.15183  0.000000 
 106.766  15.783445 
 30.7013  64.989933 
 43.088  31.124285 
 5.17176  48.085148 
 5.34789  2.124571 
 0.0820775  21.635603 
 52.0571  25.625192 
 9.75023  36.202865 
 4.62665  3.190574 
 9.57829  6.374896 
 3.68445  5.784829 
 8.23676  6.872598 
 41.3048  1.988474 
 7.57132  1.231125 
 5.08109  21.547440 
 30.2999  45.503740 
 9.09391  10.369658 
 7.12594  14.133228 
 26.1024  5.071976 
 12.0853  0.713469 
 0.675086  4.092547 
 7.4541  184.663991 
 10.4554  7.448129 
 6.24252  8.860180 
 39.992  6.891026 
 5.16071  15.489599 
 5.59047  27.378151 
 10.8012  23.750968 
 11.4263  8.473236 
 6.89837  3.416283 
 208.747  12.158394 
 3.56316  4.158866 
 0  1.847873 
 8.47882  1.277897 
 0.0353056  0.070611 
 0.0353056  3.039279 
 0  4.205715 
 30.0949  20.128055 
 5.77372  31.539990 
 147.387  18.314164 
 32.846  14.511067 
 19.2355  0.000000 
 min: 0.000000
 max: 1898.884523
 mean: 67.928804 
 std: 145.954386